0.00000	0.000
0.01000	0.082
0.02000	0.022
0.03000	0.071
0.04000	0.509
0.05000	0.188
0.06000	-0.254
0.07000	0.081
0.08000	0.013
0.09000	0.082
0.10000	0.281
0.11000	-0.000
0.12000	0.040
0.13000	0.008
0.14000	-0.049
0.15000	-0.006
0.16000	-0.117
0.17000	0.178
0.18000	-0.053
0.19000	-0.257
0.20000	-0.062
0.21000	0.118
0.22000	0.058
0.23000	0.002
0.24000	0.036
0.25000	0.053
0.26000	-0.051
0.27000	0.146
0.28000	0.187
0.29000	-0.118
0.30000	0.103
0.31000	0.042
0.32000	-0.047
0.33000	-0.180
0.34000	-0.011
0.35000	-0.131
0.36000	-0.044
0.37000	0.154
0.38000	-0.074
0.39000	0.041
0.40000	-0.011
0.41000	0.040
0.42000	-0.085
0.43000	-0.069
0.44000	0.161
0.45000	0.107
0.46000	0.007
0.47000	-0.048
0.48000	-0.121
0.49000	-0.018
0.50000	0.133
0.51000	0.068
0.52000	-0.098
0.53000	-0.192
0.54000	0.227
0.55000	-0.157
0.56000	-0.215
0.57000	0.010
0.58000	-0.044
0.59000	0.259
0.60000	0.013
0.61000	-0.244
0.62000	-0.171
0.63000	0.076
0.64000	0.258
0.65000	0.072
0.66000	-0.076
0.67000	-0.003
0.68000	-0.012
0.69000	-0.103
0.70000	-0.066
0.71000	0.049
0.72000	0.050
0.73000	-0.148
0.74000	0.217
0.75000	0.182
0.76000	-0.030
0.77000	0.029
0.78000	-0.076
0.79000	0.077
0.80000	-0.239
0.81000	-0.365
0.82000	0.142
0.83000	0.626
0.84000	-0.068
0.85000	-0.338
0.86000	0.145
0.87000	-0.057
0.88000	0.161
0.89000	-0.045
0.90000	-0.324
0.91000	0.148
0.92000	0.250
0.93000	0.039
0.94000	0.117
0.95000	-0.133
0.96000	-0.153
0.97000	0.180
0.98000	-0.104
0.99000	-0.210
1.00000	0.125
1.01000	0.052
1.02000	-0.259
1.03000	0.361
1.04000	0.018
1.05000	-0.148
1.06000	0.145
1.07000	-0.099
1.08000	-0.024
1.09000	0.027
1.10000	-0.014
1.11000	-0.309
1.12000	0.059
1.13000	0.438
1.14000	-0.057
1.15000	-0.339
1.16000	0.089
1.17000	0.120
1.18000	-0.076
1.19000	-0.003
1.20000	0.036
1.21000	0.081
1.22000	-0.049
1.23000	-0.206
1.24000	0.282
1.25000	0.236
1.26000	-0.011
1.27000	0.239
1.28000	-0.078
1.29000	-0.236
1.30000	-0.173
1.31000	0.066
1.32000	0.037
1.33000	-0.178
1.34000	0.002
1.35000	0.243
1.36000	-0.175
1.37000	-0.069
1.38000	0.135
1.39000	-0.094
1.40000	0.173
1.41000	-0.058
1.42000	-0.126
1.43000	0.066
1.44000	-0.010
1.45000	-0.016
1.46000	0.071
1.47000	-0.102
1.48000	-0.022
1.49000	-0.028
1.50000	-0.114
1.51000	0.254
1.52000	0.111
1.53000	-0.088
1.54000	-0.032
1.55000	0.136
1.56000	-0.003
1.57000	-0.107
1.58000	0.089
1.59000	-0.064
1.60000	-0.065
1.61000	0.205
1.62000	0.124
1.63000	-0.127
1.64000	0.163
1.65000	-0.086
1.66000	-0.369
1.67000	-0.133
1.68000	0.029
1.69000	0.082
1.70000	-0.140
1.71000	0.281
1.72000	0.166
1.73000	-0.254
1.74000	0.231
1.75000	0.371
1.76000	-0.210
1.77000	-0.443
1.78000	0.183
1.79000	0.203
1.80000	-0.196
1.81000	-0.013
1.82000	0.152
1.83000	0.072
1.84000	-0.035
1.85000	-0.136
1.86000	-0.066
1.87000	-0.027
1.88000	0.034
1.89000	-0.005
1.90000	-0.169
1.91000	0.112
1.92000	0.163
1.93000	0.090
1.94000	-0.046
1.95000	-0.303
1.96000	-0.196
1.97000	0.103
1.98000	0.168
1.99000	-0.005
2.00000	-0.265
2.01000	-0.258
2.02000	-0.013
2.03000	-0.035
2.04000	0.037
2.05000	0.309
2.06000	0.387
2.07000	0.394
2.08000	0.467
2.09000	0.639
2.10000	0.728
2.11000	0.096
2.12000	-0.514
2.13000	-0.183
2.14000	0.054
2.15000	-0.093
2.16000	-0.242
2.17000	-0.371
2.18000	-0.027
2.19000	0.141
2.20000	0.496
2.21000	0.224
2.22000	0.318
2.23000	0.843
2.24000	0.248
2.25000	-0.654
2.26000	-0.563
2.27000	0.090
2.28000	-0.262
2.29000	-0.261
2.30000	0.012
2.31000	-0.462
2.32000	-0.511
2.33000	0.225
2.34000	0.469
2.35000	0.353
2.36000	0.570
2.37000	-0.003
2.38000	-0.376
2.39000	-0.559
2.40000	-0.602
2.41000	0.187
2.42000	0.371
2.43000	-0.027
2.44000	-0.477
2.45000	-0.040
2.46000	0.424
2.47000	0.114
2.48000	0.115
2.49000	0.148
2.50000	-0.405
2.51000	-0.197
2.52000	0.187
2.53000	-0.091
2.54000	0.441
2.55000	0.518
2.56000	-0.223
2.57000	0.029
2.58000	-0.053
2.59000	-0.781
2.60000	0.059
2.61000	0.264
2.62000	-0.499
2.63000	-0.705
2.64000	-0.416
2.65000	0.179
2.66000	0.112
2.67000	0.177
2.68000	-0.696
2.69000	-1.293
2.70000	-1.028
2.71000	0.090
2.72000	0.379
2.73000	-1.323
2.74000	-1.355
2.75000	-0.144
2.76000	0.960
2.77000	0.188
2.78000	-0.209
2.79000	0.415
2.80000	0.511
2.81000	0.487
2.82000	0.124
2.83000	0.344
2.84000	-0.035
2.85000	-0.402
2.86000	-0.468
2.87000	-0.133
2.88000	0.038
2.89000	-0.368
2.90000	-0.007
2.91000	0.284
2.92000	0.174
2.93000	0.070
2.94000	0.192
2.95000	0.494
2.96000	0.283
2.97000	0.248
2.98000	0.110
2.99000	-0.281
3.00000	-0.032
3.01000	-0.216
3.02000	-0.308
3.03000	-0.117
3.04000	-0.413
3.05000	-0.161
3.06000	0.347
3.07000	0.388
3.08000	0.310
3.09000	0.166
3.10000	-0.108
3.11000	-0.021
3.12000	-0.039
3.13000	-0.022
3.14000	0.414
3.15000	0.081
3.16000	-0.710
3.17000	-0.033
3.18000	0.937
3.19000	0.375
3.20000	0.077
3.21000	0.408
3.22000	0.434
3.23000	0.296
3.24000	0.269
3.25000	-0.213
3.26000	-0.399
3.27000	-0.236
3.28000	-0.695
3.29000	-0.724
3.30000	-0.261
3.31000	0.009
3.32000	-0.318
3.33000	-0.262
3.34000	-0.223
3.35000	-0.113
3.36000	0.212
3.37000	0.200
3.38000	0.282
3.39000	0.148
3.40000	0.144
3.41000	0.312
3.42000	0.027
3.43000	-0.506
3.44000	-0.249
3.45000	-0.308
3.46000	-0.446
3.47000	0.248
3.48000	-0.154
3.49000	-0.230
3.50000	0.419
3.51000	0.077
3.52000	0.101
3.53000	0.586
3.54000	0.473
3.55000	-0.204
3.56000	-0.437
3.57000	-0.197
3.58000	-0.296
3.59000	-0.478
3.60000	-0.407
3.61000	-0.189
3.62000	0.275
3.63000	0.217
3.64000	0.057
3.65000	0.275
3.66000	0.356
3.67000	0.350
3.68000	0.051
3.69000	-0.298
3.70000	-0.104
3.71000	-0.261
3.72000	-0.458
3.73000	0.055
3.74000	-0.099
3.75000	0.062
3.76000	0.223
3.77000	0.071
3.78000	0.119
3.79000	0.292
3.80000	0.145
3.81000	-0.099
3.82000	-0.315
3.83000	-0.539
3.84000	-0.195
3.85000	0.215
3.86000	0.169
3.87000	-0.131
3.88000	0.059
3.89000	0.216
3.90000	0.308
3.91000	0.129
3.92000	-0.208
3.93000	-0.335
3.94000	-0.395
3.95000	0.088
3.96000	0.515
3.97000	0.380
3.98000	-0.123
3.99000	0.102
4.00000	0.321
4.01000	0.148
4.02000	-0.005
4.03000	-0.358
4.04000	-0.225
4.05000	-0.078
4.06000	-0.196
4.07000	-0.360
4.08000	0.173
4.09000	0.324
4.10000	0.147
4.11000	0.558
4.12000	0.684
4.13000	0.408
4.14000	0.141
4.15000	-0.366
4.16000	-0.442
4.17000	-0.224
4.18000	-0.381
4.19000	-0.309
4.20000	-0.129
4.21000	-0.077
4.22000	0.115
4.23000	0.065
4.24000	0.512
4.25000	0.939
4.26000	0.462
4.27000	0.075
4.28000	-0.302
4.29000	-0.225
4.30000	-0.091
4.31000	-0.634
4.32000	-0.734
4.33000	-0.323
4.34000	0.340
4.35000	0.345
4.36000	0.239
4.37000	0.581
4.38000	-0.049
4.39000	-0.005
4.40000	0.210
4.41000	0.076
4.42000	0.197
4.43000	0.157
4.44000	-0.067
4.45000	-0.491
4.46000	-0.203
4.47000	0.169
4.48000	0.032
4.49000	-0.004
4.50000	0.084
4.51000	-0.275
4.52000	0.044
4.53000	0.159
4.54000	-0.007
4.55000	-0.147
4.56000	0.049
4.57000	0.343
4.58000	-0.139
4.59000	-0.116
4.60000	-0.089
4.61000	-0.342
4.62000	-0.316
4.63000	-0.583
4.64000	-0.355
4.65000	0.134
4.66000	0.088
4.67000	0.339
4.68000	0.047
4.69000	-0.134
4.70000	0.207
4.71000	0.266
4.72000	-0.053
4.73000	-0.169
4.74000	-0.503
4.75000	-0.600
4.76000	-0.170
4.77000	-0.440
4.78000	-0.015
4.79000	0.348
4.80000	0.009
4.81000	0.283
4.82000	0.294
4.83000	0.219
4.84000	0.318
4.85000	-0.279
4.86000	-0.573
4.87000	-0.194
4.88000	-0.591
4.89000	-0.209
4.90000	0.102
4.91000	-0.315
4.92000	-0.286
4.93000	-0.170
4.94000	0.175
4.95000	0.337
4.96000	0.386
4.97000	0.175
4.98000	-0.200
4.99000	-0.077
5.00000	-0.069
5.01000	0.058
5.02000	-0.358
5.03000	-0.660
5.04000	-0.176
5.05000	-0.056
5.06000	-0.124
5.07000	-0.019
5.08000	0.291
5.09000	0.306
5.10000	0.127
5.11000	-0.294
5.12000	-0.566
5.13000	-0.537
5.14000	-0.028
5.15000	-0.048
5.16000	-0.398
5.17000	-0.178
5.18000	-0.218
5.19000	-0.020
5.20000	0.458
5.21000	0.045
5.22000	-0.040
5.23000	0.088
5.24000	-0.399
5.25000	-0.481
5.26000	-0.330
5.27000	-0.043
5.28000	0.004
5.29000	0.144
5.30000	0.115
5.31000	-0.463
5.32000	-0.120
5.33000	-0.109
5.34000	-0.555
5.35000	-0.282
5.36000	-0.185
5.37000	-0.013
5.38000	0.029
5.39000	-0.194
5.40000	-0.132
5.41000	-0.222
5.42000	-0.193
5.43000	-0.105
5.44000	0.114
5.45000	0.079
5.46000	-0.214
5.47000	-0.324
5.48000	0.036
5.49000	-0.131
5.50000	-0.851
5.51000	-0.290
5.52000	0.828
5.53000	0.366
5.54000	-0.367
5.55000	0.197
5.56000	-0.003
5.57000	-0.165
5.58000	-0.289
5.59000	-0.419
5.60000	0.005
5.61000	0.294
5.62000	-0.255
5.63000	-0.547
5.64000	0.112
5.65000	0.209
5.66000	0.144
5.67000	0.270
5.68000	0.003
5.69000	-0.182
5.70000	0.061
5.71000	-0.009
5.72000	-0.068
5.73000	-0.134
5.74000	-0.536
5.75000	-0.391
5.76000	-0.241
5.77000	-0.187
5.78000	-0.054
5.79000	0.129
5.80000	0.099
5.81000	-0.206
5.82000	-0.113
5.83000	0.088
5.84000	0.351
5.85000	-0.358
5.86000	-0.486
5.87000	0.078
5.88000	-0.269
5.89000	-0.263
5.90000	0.316
5.91000	0.183
5.92000	-0.441
5.93000	-0.227
5.94000	-0.121
5.95000	-0.212
5.96000	-0.090
5.97000	-0.103
5.98000	0.199
5.99000	0.080
6.00000	-0.081
6.01000	0.493
6.02000	0.031
6.03000	-0.467
6.04000	-0.048
6.05000	-0.308
6.06000	-0.537
6.07000	0.005
6.08000	-0.075
6.09000	-0.279
6.10000	-0.005
6.11000	0.090
6.12000	0.062
6.13000	-0.246
6.14000	0.150
6.15000	0.081
6.16000	-0.382
6.17000	-0.282
6.18000	-0.358
6.19000	-0.366
6.20000	-0.403
6.21000	-0.189
6.22000	-0.269
6.23000	-0.068
6.24000	0.527
6.25000	0.594
6.26000	0.411
6.27000	0.130
6.28000	-0.158
6.29000	-0.281
6.30000	-0.545
6.31000	-0.601
6.32000	-0.348
6.33000	-0.421
6.34000	-0.225
6.35000	0.130
6.36000	0.397
6.37000	0.071
6.38000	0.074
6.39000	0.131
6.40000	-0.286
6.41000	-0.328
6.42000	-0.371
6.43000	-0.001
6.44000	-0.006
6.45000	-0.146
6.46000	0.050
6.47000	0.208
6.48000	0.278
6.49000	0.059
6.50000	-0.385
6.51000	-0.607
6.52000	-0.334
6.53000	-0.380
6.54000	-0.281
6.55000	-0.084
6.56000	-0.081
6.57000	0.453
6.58000	0.717
6.59000	-0.016
6.60000	-0.037
6.61000	0.016
6.62000	-0.565
6.63000	-0.624
6.64000	-0.293
6.65000	-0.206
6.66000	-0.080
6.67000	0.335
6.68000	0.501
6.69000	0.382
6.70000	0.032
6.71000	0.063
6.72000	0.048
6.73000	-0.109
6.74000	-0.331
6.75000	-0.523
6.76000	-0.192
6.77000	-0.045
6.78000	-0.175
6.79000	0.013
6.80000	0.130
6.81000	-0.258
6.82000	-0.125
6.83000	0.430
6.84000	0.123
6.85000	0.075
6.86000	-0.177
6.87000	-0.452
6.88000	-0.249
6.89000	-0.116
6.90000	-0.254
6.91000	-0.452
6.92000	-0.215
6.93000	-0.244
6.94000	0.062
6.95000	0.234
6.96000	0.172
6.97000	0.175
6.98000	-0.178
6.99000	-0.052
7.00000	-0.114
7.01000	-0.225
7.02000	-0.172
7.03000	-0.408
7.04000	-0.499
7.05000	-0.216
7.06000	0.347
7.07000	-0.028
7.08000	0.015
7.09000	0.292
7.10000	-0.097
7.11000	-0.463
7.12000	-0.204
7.13000	-0.406
7.14000	-0.534
7.15000	0.060
7.16000	-0.041
7.17000	0.430
7.18000	0.201
7.19000	0.005
7.20000	-0.100
7.21000	-0.031
7.22000	-0.255
7.23000	-0.772
7.24000	-0.322
7.25000	0.074
7.26000	0.424
7.27000	0.083
7.28000	-0.046
7.29000	-0.133
7.30000	-0.256
7.31000	0.281
7.32000	-0.212
7.33000	-0.506
7.34000	-0.084
7.35000	-0.268
7.36000	-0.213
7.37000	-0.283
7.38000	-0.532
7.39000	-0.026
7.40000	0.151
7.41000	0.005
7.42000	0.109
7.43000	-0.144
7.44000	0.101
7.45000	-0.313
7.46000	-0.691
7.47000	-0.112
7.48000	-0.490
7.49000	-0.291
7.50000	0.061
7.51000	-0.395
7.52000	-0.227
7.53000	0.150
7.54000	0.592
7.55000	0.299
7.56000	0.271
7.57000	0.103
7.58000	-0.389
7.59000	-0.211
7.60000	-0.191
7.61000	-0.550
7.62000	-0.547
7.63000	0.097
7.64000	0.223
7.65000	0.246
7.66000	0.505
7.67000	0.116
7.68000	-0.252
7.69000	-0.096
7.70000	-0.179
7.71000	0.113
7.72000	0.165
7.73000	-0.096
7.74000	-0.177
7.75000	-0.527
7.76000	-0.433
7.77000	0.005
7.78000	0.242
7.79000	0.264
7.80000	-0.298
7.81000	-0.503
7.82000	-0.159
7.83000	0.048
7.84000	0.152
7.85000	0.062
7.86000	0.138
7.87000	0.112
7.88000	-0.300
7.89000	0.074
7.90000	0.109
7.91000	-0.426
7.92000	-0.318
7.93000	-0.178
7.94000	-0.348
7.95000	-0.150
7.96000	0.062
7.97000	-0.036
7.98000	-0.038
7.99000	0.095
8.00000	-0.002
8.01000	0.320
8.02000	0.539
8.03000	-0.142
8.04000	-0.560
8.05000	-0.676
8.06000	-0.557
8.07000	-0.929
8.08000	0.128
8.09000	0.601
8.10000	-0.324
8.11000	-0.758
8.12000	-0.574
8.13000	0.907
8.14000	0.807
8.15000	-0.099
8.16000	-0.460
8.17000	-0.523
8.18000	-0.740
8.19000	-0.112
8.20000	0.237
8.21000	-1.176
8.22000	0.026
8.23000	0.348
8.24000	-0.644
8.25000	0.202
8.26000	-0.017
8.27000	0.704
8.28000	0.726
8.29000	-0.221
8.30000	-0.975
8.31000	-1.205
8.32000	-0.143
8.33000	-0.404
8.34000	0.145
8.35000	0.440
8.36000	-0.012
8.37000	-0.151
8.38000	0.059
8.39000	0.011
8.40000	0.418
8.41000	-0.048
8.42000	-0.865
8.43000	0.156
8.44000	0.396
8.45000	-0.201
8.46000	-0.370
8.47000	0.265
8.48000	0.105
8.49000	-0.371
8.50000	-0.590
8.51000	0.059
8.52000	-0.075
8.53000	-0.244
8.54000	0.588
8.55000	-0.268
8.56000	-0.140
8.57000	-0.014
8.58000	-0.103
8.59000	0.249
8.60000	-0.133
8.61000	-0.218
8.62000	-0.693
8.63000	-0.653
8.64000	-0.402
8.65000	-0.315
8.66000	-0.007
8.67000	0.075
8.68000	0.247
8.69000	0.396
8.70000	0.972
8.71000	1.276
8.72000	0.584
8.73000	0.174
8.74000	0.271
8.75000	-0.639
8.76000	-1.649
8.77000	-1.143
8.78000	-0.182
8.79000	-0.055
8.80000	-0.447
8.81000	0.327
8.82000	-0.136
8.83000	0.166
8.84000	1.446
8.85000	-0.188
8.86000	-0.404
8.87000	0.090
8.88000	-0.574
8.89000	0.256
8.90000	0.095
8.91000	-0.486
8.92000	-0.307
8.93000	-1.007
8.94000	-0.705
8.95000	-0.127
8.96000	0.986
8.97000	1.301
8.98000	-0.902
8.99000	-1.411
9.00000	-0.197
9.01000	0.025
9.02000	-0.723
9.03000	-0.692
9.04000	0.563
9.05000	0.411
9.06000	-0.369
9.07000	-0.097
9.08000	-0.625
9.09000	0.825
9.10000	1.485
9.11000	0.183
9.12000	-0.980
9.13000	-1.156
9.14000	-0.199
9.15000	0.826
9.16000	1.014
9.17000	-1.096
9.18000	-1.086
9.19000	-0.437
9.20000	-0.070
9.21000	-0.014
9.22000	-0.334
9.23000	-0.002
9.24000	-0.050
9.25000	-0.367
9.26000	-0.224
9.27000	-2.092
9.28000	0.227
9.29000	2.382
9.30000	-0.276
9.31000	-0.022
9.32000	0.044
9.33000	-2.189
9.34000	-2.162
9.35000	-0.407
9.36000	-0.441
9.37000	-0.463
9.38000	-0.930
9.39000	-0.577
9.40000	0.239
9.41000	0.819
9.42000	0.480
9.43000	1.959
9.44000	1.952
9.45000	-2.116
9.46000	-1.780
9.47000	-0.127
9.48000	-0.484
9.49000	0.014
9.50000	-0.543
9.51000	-1.223
9.52000	-0.310
9.53000	0.444
9.54000	0.604
9.55000	0.331
9.56000	-0.060
9.57000	-0.201
9.58000	-0.043
9.59000	0.105
9.60000	-0.251
9.61000	-0.217
9.62000	-0.272
9.63000	-0.760
9.64000	-0.463
9.65000	0.544
9.66000	0.513
9.67000	0.180
9.68000	0.254
9.69000	1.674
9.70000	-0.485
9.71000	-2.300
9.72000	-0.175
9.73000	0.059
9.74000	0.108
9.75000	-0.404
9.76000	-0.705
9.77000	0.054
9.78000	0.663
9.79000	-0.135
9.80000	-0.297
9.81000	0.384
9.82000	-0.496
9.83000	-0.353
9.84000	0.107
9.85000	-0.162
9.86000	-0.699
9.87000	1.459
9.88000	0.023
9.89000	-2.337
9.90000	2.082
9.91000	1.890
9.92000	-2.409
9.93000	-2.222
9.94000	1.924
9.95000	-0.040
9.96000	-2.052
9.97000	-0.793
9.98000	0.844
9.99000	2.594
10.00000	1.036
10.01000	-0.246
10.02000	-0.005
10.03000	0.453
10.04000	-0.499
10.05000	-0.821
10.06000	-0.321
10.07000	0.059
10.08000	-0.103
10.09000	-0.670
10.10000	-0.505
10.11000	0.034
10.12000	0.257
10.13000	0.284
10.14000	-0.044
10.15000	-0.203
10.16000	-0.353
10.17000	-0.606
10.18000	-0.097
10.19000	-0.128
10.20000	-0.451
10.21000	-0.031
10.22000	-0.486
10.23000	-0.428
10.24000	0.110
10.25000	0.177
10.26000	0.532
10.27000	0.271
10.28000	-0.021
10.29000	-0.307
10.30000	-0.829
10.31000	-0.487
10.32000	0.410
10.33000	0.350
10.34000	-0.325
10.35000	-0.078
10.36000	0.276
10.37000	-0.379
10.38000	-0.469
10.39000	0.141
10.40000	-0.094
10.41000	0.048
10.42000	0.146
10.43000	-0.090
10.44000	-0.362
10.45000	-0.573
10.46000	-0.180
10.47000	-0.492
10.48000	-0.343
10.49000	0.229
10.50000	0.039
10.51000	0.043
10.52000	-0.038
10.53000	-0.288
10.54000	-0.373
10.55000	-0.349
10.56000	-0.756
10.57000	-0.079
10.58000	-0.006
10.59000	-0.598
10.60000	0.345
10.61000	0.133
10.62000	-0.198
10.63000	-0.385
10.64000	-0.624
10.65000	-0.246
10.66000	-0.099
10.67000	-0.084
10.68000	-0.340
10.69000	-0.412
10.70000	-0.293
10.71000	0.168
10.72000	0.707
10.73000	0.483
10.74000	0.222
10.75000	-0.358
10.76000	-0.999
10.77000	-0.902
10.78000	-0.318
10.79000	-0.133
10.80000	-0.453
10.81000	0.100
10.82000	-4.361
10.83000	-5.027
10.84000	4.090
10.85000	6.095
10.86000	1.850
10.87000	-0.146
10.88000	-0.494
10.89000	-0.307
10.90000	-0.577
10.91000	-0.678
10.92000	-0.618
10.93000	-0.429
10.94000	-0.041
10.95000	-0.310
10.96000	-1.149
10.97000	-0.589
10.98000	-0.059
10.99000	-0.570
11.00000	-0.366
11.01000	-0.329
11.02000	-0.705
11.03000	-0.242
11.04000	0.071
11.05000	-0.259
11.06000	-0.067
11.07000	-0.105
11.08000	-0.524
11.09000	-0.375
11.10000	0.034
11.11000	-0.328
11.12000	-0.654
11.13000	-0.107
11.14000	0.465
11.15000	-0.361
11.16000	-0.460
11.17000	-0.201
11.18000	-0.312
11.19000	-0.057
11.20000	-0.021
11.21000	0.046
11.22000	-0.347
11.23000	-0.724
11.24000	-0.490
11.25000	-0.335
11.26000	-0.332
11.27000	-0.575
11.28000	-0.283
11.29000	0.429
11.30000	0.552
11.31000	0.427
11.32000	0.202
11.33000	-0.058
11.34000	-0.258
11.35000	-0.837
11.36000	-1.092
11.37000	-0.093
11.38000	-0.011
11.39000	-0.606
11.40000	-0.463
11.41000	0.056
11.42000	0.458
11.43000	0.551
11.44000	0.033
11.45000	-0.064
11.46000	-0.266
11.47000	-0.653
11.48000	-0.160
11.49000	-0.369
11.50000	-0.325
11.51000	0.146
11.52000	-0.333
11.53000	-0.016
11.54000	0.484
11.55000	0.249
11.56000	0.523
11.57000	-0.017
11.58000	-0.591
11.59000	-0.026
11.60000	-0.109
11.61000	-0.206
11.62000	-0.090
11.63000	-0.218
11.64000	-0.164
11.65000	-0.449
11.66000	-0.664
11.67000	-0.407
11.68000	0.232
11.69000	0.130
11.70000	-0.093
11.71000	-0.004
11.72000	-0.033
11.73000	-0.117
11.74000	-0.115
11.75000	-0.166
11.76000	-0.580
11.77000	-0.425
11.78000	0.052
11.79000	-0.002
11.80000	0.064
11.81000	-0.007
11.82000	-0.161
11.83000	-0.231
11.84000	-0.378
11.85000	-0.364
11.86000	-0.470
11.87000	-0.119
11.88000	0.199
11.89000	0.339
11.90000	-0.064
11.91000	-0.562
11.92000	-0.069
11.93000	-0.193
11.94000	-0.620
11.95000	-0.319
11.96000	-0.265
11.97000	0.039
11.98000	0.148
11.99000	-0.184
12.00000	-0.018
12.01000	0.130
12.02000	0.369
12.03000	0.283
12.04000	-0.418
12.05000	0.178
12.06000	-0.102
12.07000	-1.105
12.08000	-0.407
12.09000	0.171
12.10000	0.361
12.11000	0.015
12.12000	-0.194
12.13000	0.271
12.14000	0.413
12.15000	0.376
12.16000	0.200
12.17000	-0.234
12.18000	-0.338
12.19000	-0.391
12.20000	-0.274
12.21000	-0.012
12.22000	-0.457
12.23000	-0.524
12.24000	-0.301
12.25000	-0.047
12.26000	0.400
12.27000	0.477
12.28000	0.041
12.29000	-0.241
12.30000	-0.215
12.31000	-0.172
12.32000	-0.051
12.33000	0.126
12.34000	-0.008
12.35000	-0.395
12.36000	-0.160
12.37000	0.150
12.38000	0.340
12.39000	-0.215
12.40000	-0.277
12.41000	0.077
12.42000	-0.507
12.43000	-0.735
12.44000	-0.125
12.45000	0.274
12.46000	-0.044
12.47000	0.349
12.48000	-0.695
12.49000	-0.008
12.50000	1.023
12.51000	-0.229
12.52000	-0.446
12.53000	-0.363
12.54000	-1.205
12.55000	-1.179
12.56000	-0.212
12.57000	0.896
12.58000	-0.167
12.59000	-0.265
12.60000	1.033
12.61000	-0.142
12.62000	0.079
12.63000	-0.037
12.64000	-0.620
12.65000	-0.653
12.66000	-0.204
12.67000	-0.344
12.68000	-0.254
12.69000	0.138
12.70000	-0.457
12.71000	-0.604
12.72000	-0.060
12.73000	0.240
12.74000	0.190
12.75000	0.017
12.76000	-0.287
12.77000	-0.505
12.78000	-0.564
12.79000	-1.048
12.80000	-0.508
12.81000	-1.040
12.82000	-1.465
12.83000	0.053
12.84000	0.018
12.85000	-0.108
12.86000	0.040
12.87000	0.220
12.88000	0.185
12.89000	-0.584
12.90000	-0.179
12.91000	-0.269
12.92000	-1.009
12.93000	-0.537
12.94000	-0.526
12.95000	-0.229
12.96000	0.512
12.97000	0.393
12.98000	0.071
12.99000	-0.436
13.00000	-0.585
13.01000	-0.268
13.02000	-0.163
13.03000	-0.086
13.04000	0.084
13.05000	0.054
13.06000	-0.263
13.07000	-0.365
13.08000	-0.208
13.09000	-0.067
13.10000	0.268
13.11000	0.141
13.12000	-0.388
13.13000	-0.501
13.14000	-0.274
13.15000	-0.469
13.16000	-0.478
13.17000	0.364
13.18000	0.205
13.19000	-0.136
13.20000	0.038
13.21000	0.189
13.22000	-0.048
13.23000	-0.460
13.24000	-0.785
13.25000	-0.486
13.26000	-0.402
13.27000	-0.240
13.28000	0.186
13.29000	0.015
13.30000	0.150
13.31000	0.346
13.32000	0.762
13.33000	0.313
13.34000	-0.495
13.35000	-0.473
13.36000	-0.527
13.37000	-0.898
13.38000	-0.447
13.39000	0.080
13.40000	0.091
13.41000	-0.016
13.42000	0.141
13.43000	0.545
13.44000	0.537
13.45000	0.246
13.46000	-0.081
13.47000	-0.356
13.48000	-0.528
13.49000	-0.406
13.50000	-0.319
13.51000	-0.217
13.52000	0.012
13.53000	-0.016
13.54000	-0.061
13.55000	0.455
13.56000	0.131
13.57000	-0.152
13.58000	-0.185
13.59000	-0.384
13.60000	0.024
13.61000	-0.144
13.62000	-0.248
13.63000	-0.152
13.64000	-0.295
13.65000	-0.430
13.66000	0.091
13.67000	0.279
13.68000	-0.095
13.69000	-0.389
13.70000	-0.317
13.71000	-0.001
13.72000	-0.334
13.73000	0.350
13.74000	0.099
13.75000	0.114
13.76000	0.031
13.77000	-0.390
13.78000	0.845
13.79000	0.501
13.80000	-0.630
13.81000	-0.181
13.82000	0.114
13.83000	-0.316
13.84000	-0.667
13.85000	-0.250
13.86000	0.602
13.87000	0.334
13.88000	-0.100
13.89000	-0.068
13.90000	0.214
13.91000	0.197
13.92000	0.040
13.93000	-0.292
13.94000	-0.445
13.95000	-0.515
13.96000	-0.497
13.97000	-0.233
13.98000	-0.054
13.99000	0.091
14.00000	0.239
14.01000	0.195
14.02000	0.141
14.03000	0.069
14.04000	-0.387
14.05000	-0.512
14.06000	-0.492
14.07000	-0.095
14.08000	0.135
14.09000	-0.238
14.10000	-0.350
14.11000	-0.177
14.12000	-0.176
14.13000	0.266
14.14000	0.592
14.15000	-0.125
14.16000	-0.298
14.17000	0.032
14.18000	-0.057
14.19000	-0.276
14.20000	-0.312
14.21000	-0.322
14.22000	-0.437
14.23000	-0.335
14.24000	-0.170
14.25000	-0.197
14.26000	0.080
14.27000	0.321
14.28000	0.075
14.29000	-0.119
14.30000	-0.147
14.31000	-0.330
14.32000	-0.552
14.33000	-0.368
14.34000	0.302
14.35000	0.178
14.36000	-0.191
14.37000	-0.355
14.38000	-0.478
14.39000	0.231
14.40000	0.048
14.41000	-0.780
14.42000	-0.393
14.43000	-0.374
14.44000	-0.280
14.45000	0.110
14.46000	-0.096
14.47000	-0.177
14.48000	-0.106
14.49000	-0.160
14.50000	-0.015
14.51000	-0.326
14.52000	-0.260
14.53000	-0.290
14.54000	-0.822
14.55000	-0.205
14.56000	0.444
14.57000	-0.035
14.58000	-0.199
14.59000	-0.057
14.60000	-0.715
14.61000	-0.074
14.62000	0.937
14.63000	0.523
14.64000	0.064
14.65000	-0.515
14.66000	-0.945
14.67000	-0.634
14.68000	-0.641
14.69000	-0.768
14.70000	0.013
14.71000	0.512
14.72000	0.175
14.73000	0.296
14.74000	0.517
14.75000	0.241
14.76000	-0.007
14.77000	0.044
14.78000	-0.567
14.79000	-0.393
14.80000	-0.295
14.81000	-0.628
14.82000	-0.072
14.83000	0.492
14.84000	0.079
14.85000	0.146
14.86000	0.139
14.87000	0.256
14.88000	0.603
14.89000	0.111
14.90000	-0.012
14.91000	-0.455
14.92000	-0.404
14.93000	-0.491
14.94000	-0.258
14.95000	0.173
14.96000	0.196
14.97000	0.029
14.98000	-0.031
14.99000	0.304
15.00000	-0.195
15.01000	0.096
15.02000	0.135
15.03000	-0.624
15.04000	-0.211
15.05000	0.126
15.06000	0.102
15.07000	0.215
15.08000	-0.116
15.09000	-0.394
15.10000	-0.378
15.11000	0.051
15.12000	0.079
15.13000	-0.359
15.14000	-0.025
15.15000	0.017
15.16000	-0.210
15.17000	-0.088
15.18000	0.263
15.19000	0.484
15.20000	0.419
15.21000	0.101
15.22000	-0.461
15.23000	-0.273
15.24000	-0.126
15.25000	-0.577
15.26000	-0.574
15.27000	-0.038
15.28000	0.269
15.29000	0.071
15.30000	0.155
15.31000	0.520
15.32000	0.633
15.33000	-0.183
15.34000	-0.811
15.35000	-0.376
15.36000	-0.287
15.37000	-0.081
15.38000	0.400
15.39000	0.001
15.40000	-0.430
15.41000	-0.911
15.42000	-0.226
15.43000	0.570
15.44000	0.123
15.45000	0.358
15.46000	0.060
15.47000	-0.422
15.48000	-0.107
15.49000	-0.051
15.50000	-0.070
15.51000	-0.678
15.52000	-0.663
15.53000	0.133
15.54000	-0.069
15.55000	0.203
15.56000	0.151
15.57000	-0.200
15.58000	-0.266
15.59000	-0.366
15.60000	-0.387
15.61000	-0.002
15.62000	0.415
15.63000	-0.273
15.64000	-0.352
15.65000	-0.769
15.66000	-0.828
15.67000	-0.064
15.68000	0.281
15.69000	0.083
15.70000	0.055
15.71000	0.501
15.72000	-0.087
15.73000	-0.680
15.74000	-0.800
15.75000	0.200
15.76000	1.124
15.77000	0.213
15.78000	-0.402
15.79000	0.097
15.80000	0.225
15.81000	-0.464
15.82000	-0.603
15.83000	-0.228
15.84000	-0.328
15.85000	-0.363
15.86000	0.297
15.87000	-0.272
15.88000	-0.348
15.89000	0.616
15.90000	0.926
15.91000	0.621
15.92000	0.158
15.93000	0.021
15.94000	-0.513
15.95000	-0.943
15.96000	-0.616
15.97000	-0.197
15.98000	-0.397
15.99000	-0.180
16.00000	0.376
16.01000	0.122
16.02000	0.141
16.03000	0.744
16.04000	0.214
16.05000	-0.337
16.06000	-0.447
16.07000	-0.518
16.08000	-0.135
16.09000	-0.103
16.10000	-0.363
16.11000	-0.158
16.12000	0.318
16.13000	0.096
16.14000	-0.130
16.15000	-0.048
16.16000	-0.038
16.17000	0.241
16.18000	0.030
16.19000	-0.096
16.20000	-0.014
16.21000	0.073
16.22000	0.099
16.23000	-0.097
16.24000	-0.672
16.25000	-0.307
16.26000	0.319
16.27000	0.114
16.28000	0.229
16.29000	-0.078
16.30000	-0.123
16.31000	0.014
16.32000	0.082
16.33000	-0.368
16.34000	0.084
16.35000	0.442
16.36000	-0.512
16.37000	-0.048
16.38000	0.288
16.39000	-0.108
16.40000	-0.508
16.41000	-0.122
16.42000	-0.463
16.43000	-0.677
16.44000	0.157
16.45000	-0.319
16.46000	-0.102
16.47000	0.542
16.48000	0.140
16.49000	-0.137
16.50000	-0.238
16.51000	-0.232
16.52000	-0.039
16.53000	-0.028
16.54000	0.245
16.55000	1.759
16.56000	-0.637
16.57000	-2.110
16.58000	-0.097
16.59000	0.950
16.60000	1.101
16.61000	-1.043
16.62000	-0.619
16.63000	0.356
16.64000	-0.086
16.65000	-0.337
16.66000	0.404
16.67000	0.516
16.68000	-0.643
16.69000	-0.322
16.70000	0.055
16.71000	0.212
16.72000	0.047
16.73000	0.519
16.74000	0.480
16.75000	-0.343
16.76000	-0.006
16.77000	0.047
16.78000	-0.184
16.79000	0.081
16.80000	0.273
16.81000	-0.694
16.82000	-0.901
16.83000	-0.194
16.84000	1.160
16.85000	0.968
16.86000	0.288
16.87000	0.207
16.88000	-0.594
16.89000	-0.156
16.90000	0.040
16.91000	0.341
16.92000	0.379
16.93000	-0.354
16.94000	-0.356
16.95000	0.198
16.96000	0.033
16.97000	-0.088
16.98000	-0.378
16.99000	-0.475
17.00000	0.151
17.01000	0.071
17.02000	-0.295
17.03000	0.090
17.04000	0.360
17.05000	0.053
17.06000	-0.189
17.07000	-0.283
17.08000	-0.302
17.09000	0.256
17.10000	0.184
17.11000	-0.211
17.12000	-0.256
17.13000	-0.503
17.14000	-0.823
17.15000	-0.405
17.16000	0.241
17.17000	0.266
17.18000	-0.141
17.19000	0.072
17.20000	0.734
17.21000	0.395
17.22000	-0.022
17.23000	-0.386
17.24000	-0.294
17.25000	-0.296
17.26000	-0.323
17.27000	-0.253
17.28000	-0.268
17.29000	-0.037
17.30000	0.018
17.31000	0.191
17.32000	0.458
17.33000	0.307
17.34000	0.223
17.35000	-0.043
17.36000	-0.377
17.37000	-0.374
17.38000	-0.667
17.39000	-0.762
17.40000	-0.644
17.41000	-0.170
17.42000	0.059
17.43000	-0.128
17.44000	0.356
17.45000	0.498
17.46000	-0.025
17.47000	-0.379
17.48000	-0.426
17.49000	-0.090
17.50000	-0.115
17.51000	-0.188
17.52000	0.159
17.53000	-0.091
17.54000	-0.782
17.55000	-0.365
17.56000	0.224
17.57000	0.177
17.58000	-0.971
17.59000	-1.134
17.60000	-0.233
17.61000	-0.236
17.62000	-0.218
17.63000	-0.202
17.64000	0.111
17.65000	-0.190
17.66000	-0.196
17.67000	-0.060
17.68000	-0.089
17.69000	0.099
17.70000	-0.310
17.71000	-0.531
17.72000	0.285
17.73000	0.344
17.74000	0.045
17.75000	-0.404
17.76000	-0.633
17.77000	0.193
17.78000	0.386
17.79000	-0.011
17.80000	-0.000
17.81000	0.245
17.82000	-0.090
17.83000	-0.081
17.84000	-0.498
17.85000	-0.452
17.86000	0.212
17.87000	-0.042
17.88000	0.051
17.89000	0.159
17.90000	0.306
17.91000	0.558
17.92000	0.470
17.93000	0.329
17.94000	-0.210
17.95000	-0.621
17.96000	-0.552
17.97000	0.225
17.98000	-2.126
17.99000	-2.829
18.00000	-0.317
18.01000	2.679
18.02000	0.253
18.03000	-2.030
18.04000	0.623
18.05000	-0.133
18.06000	2.096
18.07000	2.809
18.08000	-0.068
18.09000	-0.657
18.10000	-0.258
18.11000	-0.118
18.12000	-0.513
18.13000	0.295
18.14000	-1.451
18.15000	-2.523
18.16000	-0.203
18.17000	-0.119
18.18000	-0.670
18.19000	-0.769
18.20000	2.053
18.21000	0.299
18.22000	-1.943
18.23000	-0.324
18.24000	-0.703
18.25000	2.802
18.26000	0.352
18.27000	-2.584
18.28000	0.138
18.29000	-0.548
18.30000	-0.723
18.31000	1.940
18.32000	1.818
18.33000	-1.582
18.34000	-1.352
18.35000	-0.465
18.36000	-0.913
18.37000	-0.224
18.38000	0.471
18.39000	0.298
18.40000	0.105
18.41000	-0.248
18.42000	-0.566
18.43000	-0.643
18.44000	-0.872
18.45000	-0.209
18.46000	0.742
18.47000	0.489
18.48000	-0.348
18.49000	-0.707
18.50000	-0.136
18.51000	0.575
18.52000	0.237
18.53000	-0.344
18.54000	-0.202
18.55000	-0.700
18.56000	-0.697
18.57000	-0.693
18.58000	0.173
18.59000	0.764
18.60000	-0.278
18.61000	-0.303
18.62000	0.210
18.63000	0.296
18.64000	0.531
18.65000	0.781
18.66000	-0.052
18.67000	-1.323
18.68000	-0.682
18.69000	0.237
18.70000	-0.192
18.71000	0.085
18.72000	-0.326
18.73000	-0.467
18.74000	0.391
18.75000	0.527
18.76000	-0.019
18.77000	0.004
18.78000	-0.013
18.79000	-1.120
18.80000	-1.182
18.81000	-0.537
18.82000	0.355
18.83000	0.477
18.84000	-0.227
18.85000	-0.097
18.86000	-0.231
18.87000	-0.637
18.88000	0.035
18.89000	-0.235
18.90000	-0.471
18.91000	0.252
18.92000	0.146
18.93000	0.166
18.94000	-0.059
18.95000	-0.418
18.96000	-0.127
18.97000	-0.349
18.98000	-0.128
18.99000	0.306
19.00000	-0.753
19.01000	-0.684
19.02000	0.136
19.03000	-0.173
19.04000	0.204
19.05000	0.235
19.06000	-0.001
19.07000	0.102
19.08000	-0.030
19.09000	0.263
19.10000	-0.015
19.11000	-0.212
19.12000	-0.247
19.13000	-0.287
19.14000	-0.169
19.15000	-0.455
19.16000	-0.045
19.17000	0.059
19.18000	0.041
19.19000	0.230
19.20000	0.314
19.21000	0.299
19.22000	-0.078
19.23000	-0.228
19.24000	-0.261
19.25000	-0.539
19.26000	-0.500
19.27000	-0.042
19.28000	-0.504
19.29000	-0.199
19.30000	0.138
19.31000	-0.100
19.32000	0.274
19.33000	0.672
19.34000	0.205
19.35000	-0.160
19.36000	-0.011
19.37000	-0.134
19.38000	-0.471
19.39000	-0.839
19.40000	-0.550
19.41000	-0.116
19.42000	-0.185
19.43000	-0.427
19.44000	0.898
19.45000	1.077
19.46000	-0.256
19.47000	-0.278
19.48000	-0.183
19.49000	-0.323
19.50000	0.093
19.51000	0.264
19.52000	0.027
19.53000	-0.394
19.54000	-1.006
19.55000	0.266
19.56000	0.851
19.57000	-0.076
19.58000	-0.142
19.59000	-0.114
19.60000	-0.277
19.61000	-0.071
19.62000	-0.209
19.63000	0.083
19.64000	0.322
19.65000	-0.299
19.66000	-0.232
19.67000	-0.118
19.68000	0.304
19.69000	0.498
19.70000	-0.115
19.71000	-0.720
19.72000	-0.971
19.73000	-0.061
19.74000	0.041
19.75000	0.157
19.76000	-0.324
19.77000	-0.066
19.78000	0.973
19.79000	-0.550
19.80000	-0.872
19.81000	0.781
19.82000	0.703
19.83000	-0.469
19.84000	-0.301
19.85000	-0.319
19.86000	-0.986
19.87000	-0.988
19.88000	-0.205
19.89000	1.115
19.90000	0.861
19.91000	-0.917
19.92000	-0.835
19.93000	0.462
19.94000	0.690
19.95000	-0.065
19.96000	0.048
19.97000	-1.008
19.98000	-1.114
19.99000	0.513
20.00000	0.872
20.01000	0.388
20.02000	0.167
20.03000	-0.247
20.04000	-0.652
20.05000	-0.085
20.06000	-0.846
20.07000	-0.059
20.08000	0.865
20.09000	-0.486
20.10000	-0.590
20.11000	-0.203
20.12000	0.485
20.13000	0.616
20.14000	-0.703
20.15000	-0.607
20.16000	0.388
20.17000	-0.248
20.18000	0.623
20.19000	0.887
20.20000	-1.451
20.21000	-1.163
20.22000	-0.138
20.23000	0.345
20.24000	0.741
20.25000	0.047
20.26000	-0.639
20.27000	-0.384
20.28000	-0.049
20.29000	0.179
20.30000	0.207
20.31000	-0.547
20.32000	-0.172
20.33000	0.084
20.34000	-0.512
20.35000	0.124
20.36000	0.455
20.37000	-0.075
20.38000	-0.857
20.39000	0.046
20.40000	0.745
20.41000	-0.016
20.42000	-0.136
20.43000	-0.293
20.44000	-0.505
20.45000	-0.426
20.46000	0.128
20.47000	-0.018
20.48000	0.031
20.49000	0.045
20.50000	0.164
20.51000	0.506
20.52000	0.103
20.53000	-0.225
20.54000	-0.405
20.55000	-0.589
20.56000	-0.668
20.57000	-0.395
20.58000	-0.027
20.59000	-0.154
20.60000	-0.127
20.61000	-0.122
20.62000	0.185
20.63000	0.682
20.64000	0.027
20.65000	-0.124
20.66000	-0.105
20.67000	-0.752
20.68000	-0.500
20.69000	-0.063
20.70000	-0.024
20.71000	-0.075
20.72000	-0.496
20.73000	-0.003
20.74000	0.700
20.75000	0.300
20.76000	0.039
20.77000	-0.104
20.78000	-0.480
20.79000	-0.185
20.80000	0.239
20.81000	-0.235
20.82000	-0.420
20.83000	-0.151
20.84000	-0.290
20.85000	0.302
20.86000	0.467
20.87000	-0.298
20.88000	-0.330
20.89000	-0.292
20.90000	-0.226
20.91000	0.008
20.92000	-0.118
20.93000	-0.042
20.94000	0.217
20.95000	-0.043
20.96000	-0.213
20.97000	0.115
20.98000	-0.099
20.99000	-0.373
21.00000	-0.314
21.01000	-0.337
21.02000	-0.423
21.03000	-0.322
21.04000	0.347
21.05000	0.422
21.06000	-0.063
21.07000	-0.197
21.08000	-0.164
21.09000	0.122
21.10000	-0.207
21.11000	-0.688
21.12000	-0.026
21.13000	0.162
21.14000	-0.283
21.15000	-0.318
21.16000	-0.245
21.17000	-0.417
21.18000	-0.250
21.19000	-0.102
21.20000	0.084
21.21000	0.603
21.22000	0.437
21.23000	0.266
21.24000	0.135
21.25000	-0.700
21.26000	-0.706
21.27000	-0.414
21.28000	-0.611
21.29000	-0.240
21.30000	0.085
21.31000	0.174
21.32000	-0.156
21.33000	0.255
21.34000	0.579
21.35000	-0.099
21.36000	-0.510
21.37000	-1.013
21.38000	-0.249
21.39000	0.572
21.40000	-0.099
21.41000	-0.367
21.42000	-0.176
21.43000	-0.099
21.44000	0.032
21.45000	0.113
21.46000	0.033
21.47000	-0.103
21.48000	-0.264
21.49000	-0.275
21.50000	-0.343
21.51000	0.340
21.52000	0.650
21.53000	0.081
21.54000	-0.244
21.55000	-0.198
21.56000	-0.322
21.57000	-0.287
21.58000	0.230
21.59000	0.048
21.60000	-0.866
21.61000	-0.307
21.62000	0.762
21.63000	0.044
21.64000	-0.204
21.65000	0.060
21.66000	0.310
21.67000	0.353
21.68000	-0.026
21.69000	-0.268
21.70000	-0.535
21.71000	-0.221
21.72000	-0.215
21.73000	-0.310
21.74000	0.036
21.75000	-0.021
21.76000	-0.251
21.77000	-0.324
21.78000	0.322
21.79000	0.521
21.80000	0.276
21.81000	-0.264
21.82000	-0.379
21.83000	-0.198
21.84000	-0.460
21.85000	-0.468
21.86000	0.157
21.87000	0.032
21.88000	-0.334
21.89000	0.100
21.90000	-0.001
21.91000	-0.162
21.92000	-0.523
21.93000	0.004
21.94000	0.556
21.95000	-0.198
21.96000	-0.309
21.97000	0.001
21.98000	-0.162
21.99000	-0.117
22.00000	-0.401
22.01000	-0.398
22.02000	-0.115
22.03000	0.588
22.04000	0.316
22.05000	-0.203
22.06000	0.343
22.07000	-0.177
22.08000	-0.395
22.09000	0.122
22.10000	-0.077
22.11000	-0.013
22.12000	-0.347
22.13000	-0.400
22.14000	-0.277
22.15000	-0.402
22.16000	0.440
22.17000	0.321
22.18000	-0.138
22.19000	0.002
22.20000	-0.092
22.21000	-0.234
22.22000	-0.558
22.23000	-0.044
22.24000	0.525
22.25000	0.023
22.26000	-0.690
22.27000	0.022
22.28000	-0.024
22.29000	-1.024
22.30000	0.212
22.31000	0.944
22.32000	0.285
22.33000	-0.385
22.34000	-0.567
22.35000	-0.264
22.36000	0.246
22.37000	0.660
22.38000	0.250
22.39000	-0.370
22.40000	0.023
22.41000	0.217
22.42000	-1.156
22.43000	-0.275
22.44000	0.426
22.45000	-0.386
22.46000	-0.280
22.47000	-0.266
22.48000	0.087
22.49000	-0.165
22.50000	-0.070
22.51000	0.213
22.52000	-0.114
22.53000	0.179
22.54000	0.235
22.55000	-0.741
22.56000	-0.379
22.57000	-0.178
22.58000	-0.584
22.59000	-0.199
22.60000	-0.077
22.61000	-0.003
22.62000	0.245
22.63000	0.338
22.64000	0.012
22.65000	0.018
22.66000	0.169
22.67000	0.025
22.68000	-0.369
22.69000	-0.449
22.70000	-0.355
22.71000	-0.302
22.72000	-0.486
22.73000	-0.418
22.74000	-0.112
22.75000	0.550
22.76000	0.829
22.77000	-0.081
22.78000	-0.155
22.79000	-0.507
22.80000	-0.508
22.81000	0.039
22.82000	0.185
22.83000	-0.158
22.84000	-0.122
22.85000	0.084
22.86000	0.015
22.87000	-0.047
22.88000	-0.443
22.89000	-0.285
22.90000	0.287
22.91000	-0.168
22.92000	-0.414
22.93000	0.147
22.94000	0.233
22.95000	0.184
22.96000	-0.030
22.97000	0.060
22.98000	0.111
22.99000	-0.135
23.00000	-0.271
23.01000	-0.204
23.02000	-0.317
23.03000	-0.354
23.04000	-0.364
23.05000	-0.239
23.06000	0.315
23.07000	0.202
23.08000	0.114
23.09000	0.118
23.10000	-0.255
23.11000	0.055
23.12000	-0.275
23.13000	-0.462
23.14000	-0.147
23.15000	-0.320
23.16000	0.033
23.17000	-0.049
23.18000	-0.531
23.19000	-0.268
23.20000	0.013
23.21000	0.558
23.22000	0.708
23.23000	-0.047
23.24000	-0.282
23.25000	-0.666
23.26000	-0.688
23.27000	-0.246
23.28000	0.046
23.29000	0.341
23.30000	-0.418
23.31000	-0.487
23.32000	0.057
23.33000	-0.021
23.34000	0.149
23.35000	0.380
23.36000	0.215
23.37000	-0.143
23.38000	-0.419
23.39000	-0.516
23.40000	-0.302
23.41000	-0.124
23.42000	-0.287
23.43000	-0.172
23.44000	-0.211
23.45000	-0.282
23.46000	0.448
23.47000	0.107
23.48000	-0.248
23.49000	0.040
23.50000	-0.190
23.51000	-0.445
23.52000	-0.262
23.53000	0.080
23.54000	0.307
23.55000	0.159
23.56000	-0.321
23.57000	-0.095
23.58000	0.033
23.59000	-0.568
23.60000	-0.373
23.61000	-0.376
23.62000	-0.249
23.63000	0.142
23.64000	0.164
23.65000	0.084
23.66000	-0.259
23.67000	0.250
23.68000	0.746
23.69000	0.309
23.70000	0.096
23.71000	-0.086
23.72000	-0.375
23.73000	-0.108
23.74000	-0.204
23.75000	-0.619
23.76000	-0.277
23.77000	-0.130
23.78000	-0.229
23.79000	0.149
23.80000	0.408
23.81000	0.948
23.82000	0.423
23.83000	-0.517
23.84000	-0.780
23.85000	-0.625
23.86000	-0.363
23.87000	-0.460
23.88000	-0.292
23.89000	-0.073
23.90000	0.488
23.91000	0.541
23.92000	0.159
23.93000	-0.009
23.94000	-0.052
23.95000	-0.518
23.96000	-0.184
23.97000	0.075
23.98000	-0.520
23.99000	-0.209
24.00000	-0.081
24.01000	-0.555
24.02000	-0.608
24.03000	0.400
24.04000	0.526
24.05000	0.118
24.06000	-0.092
24.07000	0.073
24.08000	0.128
24.09000	-0.309
24.10000	0.075
24.11000	-0.140
24.12000	-0.367
24.13000	-0.527
24.14000	-0.172
24.15000	0.248
24.16000	0.484
24.17000	0.346
24.18000	-0.263
24.19000	-0.298
24.20000	-0.406
24.21000	-0.249
24.22000	0.088
24.23000	0.101
24.24000	-0.699
24.25000	-0.275
24.26000	0.626
24.27000	0.312
24.28000	0.305
24.29000	-0.143
24.30000	-0.265
24.31000	-0.380
24.32000	-0.088
24.33000	-0.027
24.34000	-0.340
24.35000	-0.259
24.36000	-0.201
24.37000	0.033
24.38000	-0.156
24.39000	0.330
24.40000	0.568
24.41000	0.379
24.42000	0.033
24.43000	-0.467
24.44000	-0.379
24.45000	-0.351
24.46000	-0.469
24.47000	0.050
24.48000	0.236
24.49000	-0.102
24.50000	0.056
24.51000	0.418
24.52000	0.227
24.53000	0.124
24.54000	0.303
24.55000	0.132
24.56000	-0.536
24.57000	-0.438
24.58000	-0.291
24.59000	-0.040
24.60000	-0.049
24.61000	-0.566
24.62000	-0.066
24.63000	0.374
24.64000	0.761
24.65000	0.540
24.66000	0.035
24.67000	0.093
24.68000	-0.380
24.69000	-0.437
24.70000	0.048
24.71000	-0.299
24.72000	-0.570
24.73000	-1.050
24.74000	0.184
24.75000	1.309
24.76000	0.294
24.77000	-0.647
24.78000	-0.107
24.79000	0.141
24.80000	-0.546
24.81000	-0.157
24.82000	0.485
24.83000	0.309
24.84000	-0.299
24.85000	-0.463
24.86000	0.757
24.87000	0.997
24.88000	0.213
24.89000	-0.264
24.90000	-0.311
24.91000	-0.043
24.92000	-0.787
24.93000	-0.685
24.94000	0.520
24.95000	0.006
24.96000	-0.019
24.97000	0.810
24.98000	-0.010
24.99000	0.757
25.00000	-0.032
25.01000	-0.869
25.02000	-0.241
25.03000	-0.792
25.04000	-0.378
25.05000	0.044
25.06000	-0.180
25.07000	-0.104
25.08000	0.132
25.09000	0.905
25.10000	1.006
25.11000	0.592
25.12000	0.362
25.13000	-0.498
25.14000	-0.764
25.15000	-0.459
25.16000	-0.234
25.17000	0.038
25.18000	-0.315
25.19000	0.160
25.20000	0.328
25.21000	0.263
25.22000	0.655
25.23000	0.088
25.24000	0.007
25.25000	-0.059
25.26000	-0.138
25.27000	-0.468
25.28000	-0.235
25.29000	0.398
25.30000	-0.190
25.31000	-0.515
25.32000	-0.289
25.33000	0.324
25.34000	0.631
25.35000	0.563
25.36000	0.330
25.37000	-0.024
25.38000	0.152
25.39000	-0.188
25.40000	-0.511
25.41000	-0.631
25.42000	0.241
25.43000	0.579
25.44000	-0.667
25.45000	-0.313
25.46000	0.257
25.47000	0.278
25.48000	0.404
25.49000	0.088
25.50000	-0.122
25.51000	-0.072
25.52000	0.083
25.53000	0.120
25.54000	0.197
25.55000	0.103
25.56000	-0.018
25.57000	0.131
25.58000	-0.124
25.59000	-0.001
25.60000	-0.087
25.61000	-0.300
25.62000	0.206
25.63000	-0.298
25.64000	-0.006
25.65000	1.070
25.66000	0.547
25.67000	0.228
25.68000	-0.262
25.69000	-0.120
25.70000	0.528
25.71000	0.055
25.72000	-0.366
25.73000	-0.851
25.74000	-0.239
25.75000	0.231
25.76000	-0.072
25.77000	0.109
25.78000	0.156
25.79000	-0.195
25.80000	-0.011
25.81000	0.319
25.82000	0.348
25.83000	0.437
25.84000	-0.139
25.85000	-0.414
25.86000	-0.006
25.87000	-0.540
25.88000	-0.652
25.89000	0.302
25.90000	0.394
25.91000	-0.101
25.92000	0.075
25.93000	0.664
25.94000	0.213
25.95000	-0.074
25.96000	0.059
25.97000	-0.191
25.98000	-0.060
25.99000	0.043
26.00000	-0.647
26.01000	-0.622
26.02000	0.283
26.03000	0.307
26.04000	-0.028
26.05000	0.136
26.06000	0.445
26.07000	0.342
26.08000	0.216
26.09000	0.001
26.10000	-0.356
26.11000	-0.414
26.12000	0.173
26.13000	0.550
26.14000	0.047
26.15000	-0.014
26.16000	0.339
26.17000	0.022
26.18000	-0.250
26.19000	-0.180
26.20000	-0.213
26.21000	-0.062
26.22000	-0.101
26.23000	-0.209
26.24000	-0.352
26.25000	-0.116
26.26000	-0.285
26.27000	-0.113
26.28000	0.652
26.29000	0.040
26.30000	-0.712
26.31000	-0.193
26.32000	0.118
26.33000	-0.464
26.34000	-0.311
26.35000	0.242
26.36000	0.364
26.37000	-0.180
26.38000	0.259
26.39000	0.453
26.40000	0.573
26.41000	0.708
26.42000	-0.270
26.43000	-0.099
26.44000	0.017
26.45000	-0.507
26.46000	-0.313
26.47000	-0.379
26.48000	-0.758
26.49000	-0.023
26.50000	0.428
26.51000	0.260
26.52000	0.877
26.53000	0.897
26.54000	0.019
26.55000	-1.495
26.56000	-1.203
26.57000	0.307
26.58000	0.043
26.59000	-0.101
26.60000	-0.098
26.61000	-0.312
26.62000	0.503
26.63000	0.983
26.64000	0.255
26.65000	0.361
26.66000	-0.074
26.67000	-0.314
26.68000	-0.227
26.69000	-0.713
26.70000	0.277
26.71000	0.660
26.72000	-0.558
26.73000	-0.427
26.74000	0.048
26.75000	0.817
26.76000	0.244
26.77000	-0.117
26.78000	0.527
26.79000	-0.561
26.80000	0.052
26.81000	0.533
26.82000	-0.820
26.83000	-0.277
26.84000	1.019
26.85000	0.348
26.86000	-0.883
26.87000	-0.542
26.88000	0.073
26.89000	0.111
26.90000	0.124
26.91000	-0.199
26.92000	0.515
26.93000	-0.203
26.94000	-0.671
26.95000	-0.064
26.96000	0.105
26.97000	0.346
26.98000	0.172
26.99000	0.422
27.00000	0.311
27.01000	0.097
27.02000	-0.478
27.03000	-0.609
27.04000	-0.206
27.05000	-0.490
27.06000	-0.306
27.07000	0.212
27.08000	0.284
27.09000	0.552
27.10000	0.810
27.11000	0.496
27.12000	0.356
27.13000	0.176
27.14000	-0.701
27.15000	-0.606
27.16000	-0.246
27.17000	0.203
27.18000	0.397
27.19000	-0.169
27.20000	-0.055
27.21000	0.593
27.22000	0.563
27.23000	0.231
27.24000	0.576
27.25000	0.405
27.26000	-0.293
27.27000	-0.167
27.28000	-0.002
27.29000	-0.317
27.30000	0.057
27.31000	0.026
27.32000	-0.045
27.33000	0.187
27.34000	0.286
27.35000	-0.060
27.36000	-0.366
27.37000	0.327
27.38000	0.176
27.39000	-0.271
27.40000	0.248
27.41000	0.085
27.42000	-0.030
27.43000	0.112
27.44000	-0.008
27.45000	-0.067
27.46000	-0.072
27.47000	0.297
27.48000	-0.019
27.49000	-0.221
27.50000	-0.227
27.51000	-0.205
27.52000	0.045
27.53000	0.071
27.54000	0.218
27.55000	0.338
27.56000	0.068
27.57000	0.108
27.58000	0.328
27.59000	-1.142
27.60000	-0.306
27.61000	0.649
27.62000	-0.530
27.63000	-1.619
27.64000	-1.296
27.65000	0.236
27.66000	0.254
27.67000	0.078
27.68000	-0.161
27.69000	0.087
27.70000	0.262
27.71000	0.038
27.72000	-0.148
27.73000	-0.337
27.74000	-0.436
27.75000	-0.430
27.76000	-0.025
27.77000	0.072
27.78000	-0.409
27.79000	0.168
27.80000	0.470
27.81000	-0.043
27.82000	0.210
27.83000	0.508
27.84000	0.186
27.85000	-0.517
27.86000	-0.560
27.87000	-0.383
27.88000	-0.297
27.89000	0.003
27.90000	0.098
27.91000	-0.098
27.92000	-0.368
27.93000	0.155
27.94000	0.593
27.95000	0.252
27.96000	0.222
27.97000	-0.018
27.98000	-0.386
27.99000	-0.206
28.00000	-0.454
28.01000	-0.529
28.02000	0.049
28.03000	0.344
28.04000	0.355
28.05000	0.305
28.06000	0.343
28.07000	0.240
28.08000	-0.031
28.09000	0.091
28.10000	0.025
28.11000	-0.148
28.12000	-0.146
28.13000	-0.436
28.14000	-0.170
28.15000	-0.038
28.16000	-0.160
28.17000	0.114
28.18000	0.299
28.19000	0.083
28.20000	-0.540
28.21000	-0.379
28.22000	0.293
28.23000	0.003
28.24000	-0.021
28.25000	-0.495
28.26000	-0.028
28.27000	0.859
28.28000	0.347
28.29000	0.262
28.30000	0.158
28.31000	-0.229
28.32000	-0.564
28.33000	-0.940
28.34000	-0.385
28.35000	-0.086
28.36000	0.223
28.37000	0.395
28.38000	-0.245
28.39000	0.209
28.40000	0.187
28.41000	0.081
28.42000	0.132
28.43000	0.219
28.44000	-0.108
28.45000	-0.889
28.46000	-0.601
28.47000	-0.068
28.48000	0.015
28.49000	-0.112
28.50000	-0.179
28.51000	0.269
28.52000	0.835
28.53000	0.916
28.54000	0.327
28.55000	-0.072
28.56000	-0.373
28.57000	-0.249
28.58000	0.274
28.59000	-0.089
28.60000	-0.413
28.61000	-0.482
28.62000	-0.343
28.63000	0.070
28.64000	0.376
28.65000	0.241
28.66000	0.025
28.67000	0.067
28.68000	-0.178
28.69000	-0.427
28.70000	-0.013
28.71000	0.142
28.72000	0.354
28.73000	0.054
28.74000	-0.263
28.75000	0.112
28.76000	0.355
28.77000	-0.121
28.78000	-0.381
28.79000	-0.061
28.80000	-0.262
28.81000	-0.125
28.82000	-0.095
28.83000	0.413
28.84000	0.603
28.85000	0.829
28.86000	1.268
28.87000	1.489
28.88000	1.135
28.89000	0.532
28.90000	0.411
28.91000	-0.110
28.92000	-0.592
28.93000	-0.352
28.94000	-0.336
28.95000	-0.422
28.96000	0.350
28.97000	0.338
28.98000	0.597
28.99000	0.430
29.00000	0.518
29.01000	0.769
29.02000	-0.128
29.03000	-0.616
29.04000	-0.507
29.05000	-0.264
29.06000	-0.125
29.07000	-0.158
29.08000	-0.032
29.09000	0.200
29.10000	0.357
29.11000	0.690
29.12000	0.523
29.13000	0.238
29.14000	0.020
29.15000	-0.170
29.16000	-0.950
29.17000	-0.851
29.18000	-0.326
29.19000	-0.279
29.20000	0.235
29.21000	0.201
29.22000	0.489
29.23000	0.439
29.24000	-0.099
29.25000	0.212
29.26000	0.142
29.27000	-0.189
29.28000	-0.202
29.29000	-0.239
29.30000	0.198
29.31000	0.019
29.32000	-0.261
29.33000	0.140
29.34000	0.218
29.35000	0.482
29.36000	0.312
29.37000	0.036
29.38000	0.095
29.39000	-0.077
29.40000	-0.077
29.41000	-0.086
29.42000	-0.692
29.43000	-0.075
29.44000	0.685
29.45000	0.289
29.46000	0.187
29.47000	0.240
29.48000	0.103
29.49000	0.000
29.50000	-0.068
29.51000	-0.067
29.52000	-0.171
29.53000	-0.136
29.54000	0.198
29.55000	0.247
29.56000	0.106
29.57000	0.248
29.58000	0.482
29.59000	0.083
29.60000	0.228
29.61000	0.305
29.62000	-0.387
29.63000	-0.549
29.64000	-0.363
29.65000	-0.220
29.66000	-0.116
29.67000	0.019
29.68000	0.319
29.69000	-0.037
29.70000	0.621
29.71000	1.221
29.72000	0.408
29.73000	0.009
29.74000	-0.518
29.75000	-0.612
29.76000	-0.398
29.77000	-0.335
29.78000	-0.169
29.79000	0.227
29.80000	0.354
29.81000	0.552
29.82000	0.933
29.83000	0.436
29.84000	0.151
29.85000	-0.061
29.86000	-0.326
29.87000	-0.366
29.88000	-0.538
29.89000	-0.641
29.90000	0.240
29.91000	1.089
29.92000	0.681
29.93000	0.375
29.94000	0.319
29.95000	0.008
29.96000	-0.019
29.97000	-0.104
29.98000	-0.296
29.99000	-0.157
30.00000	-0.271
30.01000	0.002
30.02000	0.736
30.03000	0.642
30.04000	0.257
30.05000	0.120
30.06000	-0.394
30.07000	0.048
30.08000	0.066
30.09000	-0.428
30.10000	-0.135
30.11000	-0.015
30.12000	0.147
30.13000	0.868
30.14000	0.754
30.15000	0.082
30.16000	-0.211
30.17000	-0.241
30.18000	0.046
30.19000	-0.147
30.20000	-0.190
30.21000	-0.171
30.22000	0.210
30.23000	0.518
30.24000	0.309
30.25000	0.423
30.26000	0.171
30.27000	-0.287
30.28000	-0.382
30.29000	-0.151
30.30000	0.398
30.31000	-0.056
30.32000	-0.388
30.33000	0.042
30.34000	-0.035
30.35000	0.508
30.36000	0.296
30.37000	-0.327
30.38000	-0.048
30.39000	0.031
30.40000	0.325
30.41000	0.807
30.42000	0.530
30.43000	0.082
30.44000	-0.176
30.45000	-0.296
30.46000	-0.043
30.47000	-0.224
30.48000	-0.195
30.49000	-0.145
30.50000	-0.003
30.51000	0.297
30.52000	0.074
30.53000	0.688
30.54000	0.758
30.55000	-0.094
30.56000	-0.118
30.57000	-0.423
30.58000	-0.386
30.59000	0.760
30.60000	0.279
30.61000	-0.367
30.62000	0.490
30.63000	0.045
30.64000	0.010
30.65000	0.651
30.66000	0.640
30.67000	0.538
30.68000	0.001
30.69000	-0.709
30.70000	0.233
30.71000	1.294
30.72000	0.327
30.73000	-0.236
30.74000	0.045
30.75000	-0.035
30.76000	0.124
30.77000	0.306
30.78000	-0.235
30.79000	-0.353
30.80000	0.020
30.81000	0.184
30.82000	0.352
30.83000	0.492
30.84000	0.316
30.85000	0.042
30.86000	-0.143
30.87000	0.722
30.88000	0.470
30.89000	-0.676
30.90000	-0.132
30.91000	-0.213
30.92000	-0.592
30.93000	-0.120
30.94000	0.451
30.95000	0.710
30.96000	0.586
30.97000	0.491
30.98000	-0.095
30.99000	-0.524
31.00000	0.474
31.01000	0.732
31.02000	-0.295
31.03000	-0.260
31.04000	-0.015
31.05000	-0.219
31.06000	-0.111
31.07000	0.213
31.08000	0.105
31.09000	-0.146
31.10000	0.205
31.11000	0.968
31.12000	1.012
31.13000	0.399
31.14000	-0.126
31.15000	-0.447
31.16000	-0.108
31.17000	0.094
31.18000	0.389
31.19000	0.305
31.20000	-0.044
31.21000	0.199
31.22000	0.146
31.23000	0.322
31.24000	0.489
31.25000	0.004
31.26000	0.106
31.27000	0.022
31.28000	-0.559
31.29000	0.241
31.30000	1.032
31.31000	0.245
31.32000	-0.227
31.33000	0.471
31.34000	0.235
31.35000	-0.243
31.36000	-0.041
31.37000	-0.238
31.38000	-0.179
31.39000	0.190
31.40000	0.685
31.41000	1.018
31.42000	0.398
31.43000	-0.310
31.44000	-0.043
31.45000	-0.025
31.46000	1.778
31.47000	0.747
31.48000	-1.209
31.49000	0.026
31.50000	-0.010
31.51000	-0.377
31.52000	-0.674
31.53000	-0.677
31.54000	-0.083
31.55000	2.221
31.56000	1.004
31.57000	-1.071
31.58000	0.132
31.59000	1.577
31.60000	-0.077
31.61000	-1.646
31.62000	1.420
31.63000	1.186
31.64000	-0.584
31.65000	-0.257
31.66000	0.068
31.67000	0.547
31.68000	0.651
31.69000	-0.011
31.70000	0.155
31.71000	0.203
31.72000	0.443
31.73000	0.759
31.74000	-0.134
31.75000	-0.592
31.76000	-0.599
31.77000	-0.216
31.78000	-0.219
31.79000	0.720
31.80000	0.126
31.81000	-0.508
31.82000	0.659
31.83000	0.648
31.84000	0.345
31.85000	-0.031
31.86000	-0.042
31.87000	0.024
31.88000	-0.061
31.89000	-0.413
31.90000	-0.374
31.91000	0.093
31.92000	0.114
31.93000	0.502
31.94000	0.450
31.95000	-0.022
31.96000	-0.147
31.97000	-0.169
31.98000	0.251
31.99000	0.207
32.00000	0.078
32.01000	-0.035
32.02000	-0.386
32.03000	-0.134
32.04000	0.203
32.05000	0.193
32.06000	-0.028
32.07000	0.078
32.08000	0.374
32.09000	0.103
32.10000	-0.006
32.11000	0.053
32.12000	-0.250
32.13000	-0.072
32.14000	0.452
32.15000	0.605
32.16000	0.142
32.17000	0.138
32.18000	0.146
32.19000	-0.110
32.20000	-0.203
32.21000	-0.202
32.22000	-0.102
32.23000	-0.204
32.24000	0.107
32.25000	0.451
32.26000	0.317
32.27000	0.007
32.28000	0.693
32.29000	0.965
32.30000	0.199
32.31000	-0.045
32.32000	-0.114
32.33000	-0.288
32.34000	-0.188
32.35000	-0.088
32.36000	0.050
32.37000	0.251
32.38000	-0.258
32.39000	0.053
32.40000	0.983
32.41000	0.728
32.42000	0.164
32.43000	-0.224
32.44000	-0.164
32.45000	-0.004
32.46000	-0.361
32.47000	-0.383
32.48000	0.301
32.49000	0.447
32.50000	0.059
32.51000	0.281
32.52000	0.234
32.53000	0.134
32.54000	0.252
32.55000	-0.066
32.56000	-0.091
32.57000	0.088
32.58000	-0.099
32.59000	-0.129
32.60000	0.384
32.61000	0.251
32.62000	-0.102
32.63000	-0.361
32.64000	0.100
32.65000	0.458
32.66000	0.096
32.67000	0.235
32.68000	-0.285
32.69000	-0.318
32.70000	0.302
32.71000	0.275
32.72000	0.236
32.73000	0.344
32.74000	-0.196
32.75000	-0.465
32.76000	0.195
32.77000	0.085
32.78000	-0.394
32.79000	0.108
32.80000	0.048
32.81000	-0.346
32.82000	0.215
32.83000	0.396
32.84000	-0.091
32.85000	0.362
32.86000	0.762
32.87000	0.314
32.88000	0.399
32.89000	0.213
32.90000	-0.316
32.91000	-0.479
32.92000	-0.504
32.93000	0.045
32.94000	0.128
32.95000	0.061
32.96000	0.617
32.97000	0.331
32.98000	-0.153
32.99000	0.135
33.00000	0.368
33.01000	0.342
33.02000	-0.153
33.03000	-0.238
33.04000	0.218
33.05000	-0.283
33.06000	-0.493
33.07000	0.059
33.08000	0.395
33.09000	0.438
33.10000	0.177
33.11000	1.172
33.12000	0.727
33.13000	-0.411
33.14000	-0.395
33.15000	-0.377
33.16000	0.253
33.17000	-0.030
33.18000	0.151
33.19000	0.649
33.20000	0.520
33.21000	-0.082
33.22000	-0.253
33.23000	0.449
33.24000	0.305
33.25000	-0.154
33.26000	0.350
33.27000	0.236
33.28000	-0.117
33.29000	0.442
33.30000	0.374
33.31000	0.079
33.32000	-0.239
33.33000	-0.326
33.34000	0.136
33.35000	0.128
33.36000	0.240
33.37000	0.161
33.38000	0.010
33.39000	0.151
33.40000	-0.142
33.41000	-0.175
33.42000	0.069
33.43000	0.411
33.44000	0.537
33.45000	0.188
33.46000	0.036
33.47000	-0.257
33.48000	-0.120
33.49000	0.073
33.50000	-0.020
33.51000	-0.068
33.52000	-0.285
33.53000	-0.115
33.54000	0.012
33.55000	0.248
33.56000	0.270
33.57000	0.445
33.58000	0.832
33.59000	0.456
33.60000	0.162
33.61000	0.395
33.62000	-0.354
33.63000	-0.708
33.64000	-0.571
33.65000	-0.426
33.66000	-0.097
33.67000	0.247
33.68000	0.473
33.69000	-0.132
33.70000	0.325
33.71000	0.846
33.72000	0.301
33.73000	-0.938
33.74000	0.036
33.75000	-0.362
33.76000	-0.262
33.77000	0.671
33.78000	-0.764
33.79000	-0.210
33.80000	-0.463
33.81000	0.314
33.82000	1.304
33.83000	0.485
33.84000	-0.623
33.85000	-1.063
33.86000	-0.171
33.87000	-0.018
33.88000	-0.030
33.89000	0.959
33.90000	0.647
33.91000	-0.236
33.92000	-1.110
33.93000	-0.772
33.94000	0.521
33.95000	-0.001
33.96000	0.804
33.97000	1.293
33.98000	-0.940
33.99000	-1.006
34.00000	0.443
34.01000	0.868
34.02000	0.339
34.03000	-0.986
34.04000	-0.396
34.05000	0.461
34.06000	-0.009
34.07000	-0.173
34.08000	-0.264
34.09000	-0.707
34.10000	-0.452
34.11000	1.091
34.12000	0.544
34.13000	-0.649
34.14000	-0.090
34.15000	-0.136
34.16000	0.091
34.17000	1.187
34.18000	1.127
34.19000	0.250
34.20000	-0.260
34.21000	-0.492
34.22000	-0.578
34.23000	0.705
34.24000	1.043
34.25000	-1.201
34.26000	-0.888
34.27000	0.162
34.28000	0.072
34.29000	0.836
34.30000	0.841
34.31000	0.134
34.32000	-0.244
34.33000	-0.498
34.34000	-0.636
34.35000	-0.434
34.36000	-0.122
34.37000	0.033
34.38000	0.157
34.39000	0.248
34.40000	0.355
34.41000	0.700
34.42000	1.192
34.43000	0.626
34.44000	-0.283
34.45000	-0.641
34.46000	-0.232
34.47000	-0.063
34.48000	-0.317
34.49000	0.309
34.50000	0.354
34.51000	-0.206
34.52000	0.126
34.53000	0.469
34.54000	0.384
34.55000	0.345
34.56000	-0.108
34.57000	0.093
34.58000	0.492
34.59000	0.058
34.60000	-0.013
34.61000	0.140
34.62000	-0.258
34.63000	0.009
34.64000	0.603
34.65000	0.344
34.66000	-0.085
34.67000	-0.197
34.68000	-0.377
34.69000	-0.325
34.70000	0.209
34.71000	0.573
34.72000	0.667
34.73000	-0.165
34.74000	-0.271
34.75000	0.425
34.76000	0.607
34.77000	0.352
34.78000	0.016
34.79000	-0.199
34.80000	-0.441
34.81000	-0.577
34.82000	-0.089
34.83000	-0.666
34.84000	0.454
34.85000	1.789
34.86000	0.576
34.87000	-0.894
34.88000	-1.195
34.89000	1.605
34.90000	1.487
34.91000	-0.347
34.92000	0.008
34.93000	-0.646
34.94000	-0.806
34.95000	-1.375
34.96000	-1.013
34.97000	0.354
34.98000	1.704
34.99000	2.019
35.00000	0.772
35.01000	-0.840
35.02000	-1.367
35.03000	-0.001
35.04000	1.232
35.05000	1.208
35.06000	-0.262
35.07000	-0.599
35.08000	-1.154
35.09000	-0.876
35.10000	1.156
35.11000	1.739
35.12000	0.571
35.13000	-1.508
35.14000	-1.202
35.15000	0.452
35.16000	-0.315
35.17000	-0.555
35.18000	1.228
35.19000	1.496
35.20000	0.111
35.21000	-1.139
35.22000	-1.186
35.23000	1.214
35.24000	2.025
35.25000	0.649
35.26000	-0.228
35.27000	-1.593
35.28000	-1.085
35.29000	0.173
35.30000	1.294
35.31000	1.425
35.32000	0.065
35.33000	-1.418
35.34000	-1.145
35.35000	0.040
35.36000	0.183
35.37000	0.275
35.38000	1.803
35.39000	1.836
35.40000	-0.556
35.41000	-2.187
35.42000	-1.789
35.43000	-0.075
35.44000	0.109
35.45000	2.507
35.46000	1.012
35.47000	-1.338
35.48000	-0.226
35.49000	-0.169
35.50000	2.134
35.51000	1.659
35.52000	-0.572
35.53000	-2.213
35.54000	-2.121
35.55000	-0.006
35.56000	-0.246
35.57000	2.679
35.58000	1.210
35.59000	-1.270
35.60000	0.433
35.61000	-0.286
35.62000	-0.072
35.63000	-0.543
35.64000	-0.828
35.65000	-0.243
35.66000	1.903
35.67000	0.174
35.68000	-2.114
35.69000	0.091
35.70000	0.168
35.71000	1.092
35.72000	1.610
35.73000	0.466
35.74000	-0.367
35.75000	-0.826
35.76000	-0.703
35.77000	1.800
35.78000	0.210
35.79000	-2.261
35.80000	-0.378
35.81000	-0.158
35.82000	2.917
35.83000	1.196
35.84000	-1.522
35.85000	-0.000
35.86000	0.023
35.87000	0.004
35.88000	-0.525
35.89000	-0.608
35.90000	0.331
35.91000	0.893
35.92000	-0.127
35.93000	-0.113
35.94000	0.054
35.95000	-0.195
35.96000	0.328
35.97000	0.593
35.98000	0.199
35.99000	-0.108
36.00000	-0.369
36.01000	-0.470
36.02000	-0.355
36.03000	0.384
36.04000	1.437
36.05000	0.541
36.06000	-0.502
36.07000	-0.504
36.08000	-0.414
36.09000	-0.332
36.10000	0.355
36.11000	0.663
36.12000	0.263
36.13000	0.314
36.14000	-0.044
36.15000	0.226
36.16000	0.637
36.17000	0.598
36.18000	0.477
36.19000	-0.156
36.20000	-0.613
36.21000	-0.429
36.22000	0.486
36.23000	0.084
36.24000	-0.312
36.25000	1.048
36.26000	0.008
36.27000	-0.632
36.28000	0.420
36.29000	0.898
36.30000	0.769
36.31000	-0.088
36.32000	-0.338
36.33000	-0.214
36.34000	-0.007
36.35000	0.024
36.36000	-0.075
36.37000	0.172
36.38000	0.272
36.39000	0.333
36.40000	0.265
36.41000	0.310
36.42000	0.808
36.43000	0.272
36.44000	-0.540
36.45000	0.018
36.46000	-0.084
36.47000	-0.098
36.48000	0.603
36.49000	0.452
36.50000	0.245
36.51000	-0.117
36.52000	0.259
36.53000	0.975
36.54000	0.753
36.55000	0.280
36.56000	-0.044
36.57000	-0.592
36.58000	-0.642
36.59000	-0.310
36.60000	0.615
36.61000	0.707
36.62000	0.430
36.63000	0.337
36.64000	-0.332
36.65000	-0.154
36.66000	0.405
36.67000	0.864
36.68000	0.323
36.69000	-0.051
36.70000	-0.108
36.71000	-0.882
36.72000	-0.080
36.73000	0.923
36.74000	1.486
36.75000	0.483
36.76000	-0.914
36.77000	-0.250
36.78000	-0.147
36.79000	-0.060
36.80000	-0.404
36.81000	-0.125
36.82000	0.868
36.83000	0.749
36.84000	-0.048
36.85000	-0.103
36.86000	0.840
36.87000	0.755
36.88000	0.010
36.89000	-0.015
36.90000	-0.102
36.91000	-0.337
36.92000	0.096
36.93000	0.325
36.94000	0.217
36.95000	0.142
36.96000	-0.258
36.97000	-0.406
36.98000	-0.229
36.99000	1.019
37.00000	1.121
37.01000	0.336
37.02000	0.185
37.03000	-0.161
37.04000	-0.333
37.05000	-0.274
37.06000	0.268
37.07000	0.362
37.08000	-0.070
37.09000	-0.273
37.10000	-0.112
37.11000	-0.386
37.12000	0.637
37.13000	1.412
37.14000	0.387
37.15000	-0.016
37.16000	-0.559
37.17000	-0.909
37.18000	0.057
37.19000	0.645
37.20000	0.408
37.21000	0.187
37.22000	-0.223
37.23000	-0.421
37.24000	0.466
37.25000	0.778
37.26000	0.224
37.27000	-0.033
37.28000	-0.352
37.29000	-0.187
37.30000	0.055
37.31000	-0.140
37.32000	0.216
37.33000	0.753
37.34000	-0.015
37.35000	-0.146
37.36000	0.379
37.37000	0.262
37.38000	0.177
37.39000	0.403
37.40000	0.157
37.41000	-0.573
37.42000	-0.767
37.43000	-0.591
37.44000	0.561
37.45000	1.245
37.46000	0.207
37.47000	-0.086
37.48000	0.567
37.49000	0.452
37.50000	-0.136
37.51000	-0.452
37.52000	-0.138
37.53000	-0.380
37.54000	-0.348
37.55000	-0.189
37.56000	0.244
37.57000	1.063
37.58000	0.815
37.59000	0.416
37.60000	0.403
37.61000	0.212
37.62000	-0.069
37.63000	-0.197
37.64000	-0.232
37.65000	-0.175
37.66000	-0.169
37.67000	-0.412
37.68000	-0.666
37.69000	0.579
37.70000	1.211
37.71000	0.539
37.72000	0.214
37.73000	0.614
37.74000	0.189
37.75000	-0.063
37.76000	0.309
37.77000	-0.034
37.78000	-0.126
37.79000	-0.300
37.80000	-0.229
37.81000	-0.018
37.82000	0.006
37.83000	0.163
37.84000	1.057
37.85000	0.518
37.86000	-0.568
37.87000	0.222
37.88000	0.187
37.89000	-0.261
37.90000	0.742
37.91000	0.790
37.92000	0.276
37.93000	0.053
37.94000	-0.412
37.95000	0.094
37.96000	0.442
37.97000	0.093
37.98000	-0.227
37.99000	0.074
38.00000	0.016
38.01000	0.136
38.02000	0.363
38.03000	0.549
38.04000	0.917
38.05000	0.223
38.06000	0.015
38.07000	0.219
38.08000	-0.058
38.09000	-0.020
38.10000	0.094
38.11000	0.205
38.12000	0.100
38.13000	-0.204
38.14000	-0.198
38.15000	-0.141
38.16000	0.565
38.17000	1.117
38.18000	0.513
38.19000	0.121
38.20000	0.103
38.21000	-0.278
38.22000	-0.103
38.23000	-0.633
38.24000	-0.165
38.25000	0.341
38.26000	-0.319
38.27000	-0.536
38.28000	0.155
38.29000	1.193
38.30000	1.772
38.31000	0.234
38.32000	-0.765
38.33000	-0.278
38.34000	-0.181
38.35000	0.231
38.36000	-0.104
38.37000	-0.241
38.38000	-0.517
38.39000	-0.247
38.40000	0.403
38.41000	1.055
38.42000	0.722
38.43000	0.176
38.44000	0.231
38.45000	-0.224
38.46000	-0.292
38.47000	-0.044
38.48000	0.598
38.49000	0.430
38.50000	-0.143
38.51000	0.169
38.52000	-0.045
38.53000	0.180
38.54000	0.793
38.55000	0.483
38.56000	0.151
38.57000	-0.219
38.58000	-0.500
38.59000	0.080
38.60000	0.349
38.61000	0.432
38.62000	0.115
38.63000	-0.082
38.64000	0.033
38.65000	0.454
38.66000	0.863
38.67000	0.208
38.68000	-0.152
38.69000	0.059
38.70000	-0.315
38.71000	-0.554
38.72000	0.106
38.73000	0.426
38.74000	0.371
38.75000	0.098
38.76000	0.231
38.77000	0.767
38.78000	0.592
38.79000	0.174
38.80000	-0.259
38.81000	-0.205
38.82000	0.243
38.83000	1.323
38.84000	0.009
38.85000	-1.347
38.86000	0.137
38.87000	0.377
38.88000	0.261
38.89000	0.710
38.90000	0.585
38.91000	0.630
38.92000	-0.060
38.93000	-0.867
38.94000	-0.239
38.95000	-0.167
38.96000	-0.008
38.97000	0.083
38.98000	-0.259
38.99000	-0.019
39.00000	0.580
39.01000	0.908
39.02000	0.642
39.03000	0.286
39.04000	0.274
39.05000	0.050
39.06000	-0.276
39.07000	-0.017
39.08000	0.118
39.09000	0.080
39.10000	0.137
39.11000	0.045
39.12000	0.326
39.13000	0.220
39.14000	0.041
39.15000	0.546
39.16000	0.414
39.17000	0.381
39.18000	0.114
39.19000	-0.281
39.20000	0.329
39.21000	0.057
39.22000	-0.632
39.23000	-0.247
39.24000	0.311
39.25000	0.526
39.26000	0.628
39.27000	0.250
39.28000	-0.256
39.29000	-0.169
39.30000	0.084
39.31000	0.267
39.32000	0.314
39.33000	0.243
39.34000	0.064
39.35000	-0.009
39.36000	0.192
39.37000	0.297
39.38000	0.165
39.39000	-0.005
39.40000	-0.101
39.41000	-0.206
39.42000	-0.561
39.43000	-0.292
39.44000	0.383
39.45000	0.397
39.46000	0.299
39.47000	0.275
39.48000	0.601
39.49000	0.382
39.50000	-0.119
39.51000	-0.089
39.52000	-0.475
39.53000	-0.312
39.54000	-0.141
39.55000	-0.182
39.56000	0.024
39.57000	0.012
39.58000	0.282
39.59000	0.205
39.60000	0.823
39.61000	0.826
39.62000	-0.188
39.63000	0.286
39.64000	0.268
39.65000	-0.819
39.66000	-0.511
39.67000	-0.330
39.68000	-0.096
39.69000	-0.062
39.70000	-0.279
39.71000	0.540
39.72000	0.796
39.73000	0.284
39.74000	-0.003
39.75000	0.442
39.76000	0.085
39.77000	-0.274
39.78000	-0.072
39.79000	-0.114
39.80000	-0.111
39.81000	-0.040
39.82000	0.140
39.83000	0.300
39.84000	0.586
39.85000	0.720
39.86000	0.063
39.87000	-0.239
39.88000	0.234
39.89000	0.285
39.90000	-0.376
39.91000	-0.150
39.92000	0.221
39.93000	-0.241
39.94000	0.046
39.95000	0.532
39.96000	0.660
39.97000	0.145
39.98000	0.147
39.99000	-0.076
40.00000	-0.191
40.01000	0.054
40.02000	-0.006
40.03000	0.477
40.04000	0.503
40.05000	0.336
40.06000	0.055
40.07000	0.481
40.08000	0.652
40.09000	-0.342
40.10000	-0.399
40.11000	0.025
40.12000	-0.412
40.13000	-0.395
40.14000	-0.044
40.15000	0.336
40.16000	0.164
40.17000	0.431
40.18000	1.045
40.19000	0.688
40.20000	0.541
40.21000	0.177
40.22000	-0.150
40.23000	-0.585
40.24000	-0.900
40.25000	-0.096
40.26000	-0.129
40.27000	1.016
40.28000	0.556
40.29000	-0.787
40.30000	0.156
40.31000	0.439
40.32000	0.591
40.33000	0.630
40.34000	0.493
40.35000	-0.352
40.36000	-0.590
40.37000	-0.483
40.38000	-0.435
40.39000	-0.178
40.40000	0.022
40.41000	0.433
40.42000	0.568
40.43000	0.492
40.44000	0.387
40.45000	0.341
40.46000	0.138
40.47000	-0.207
40.48000	-0.120
40.49000	0.417
40.50000	0.348
40.51000	-0.414
40.52000	-0.392
40.53000	0.220
40.54000	0.552
40.55000	0.482
40.56000	0.151
40.57000	0.131
40.58000	-0.360
40.59000	-0.363
40.60000	0.271
40.61000	0.409
40.62000	0.280
40.63000	0.376
40.64000	0.533
40.65000	0.258
40.66000	0.181
40.67000	-0.003
40.68000	0.045
40.69000	0.194
40.70000	0.079
40.71000	0.047
40.72000	0.181
40.73000	-0.110
40.74000	0.116
40.75000	0.442
40.76000	0.472
40.77000	0.676
40.78000	0.442
40.79000	0.289
40.80000	-0.073
40.81000	-0.532
40.82000	-0.597
40.83000	-0.315
40.84000	0.156
40.85000	0.671
40.86000	0.268
40.87000	-0.130
40.88000	0.222
40.89000	0.733
40.90000	1.051
40.91000	0.573
40.92000	0.077
40.93000	0.034
40.94000	-0.303
40.95000	-0.420
40.96000	-0.121
40.97000	0.245
40.98000	0.125
40.99000	-0.100
41.00000	-0.305
41.01000	0.157
41.02000	0.542
41.03000	0.020
41.04000	0.512
41.05000	0.820
41.06000	0.071
41.07000	-0.562
41.08000	-0.327
41.09000	-0.046
41.10000	-0.051
41.11000	-0.114
41.12000	-0.030
41.13000	0.453
41.14000	0.040
41.15000	0.211
41.16000	0.761
41.17000	-0.022
41.18000	0.054
41.19000	0.552
41.20000	0.512
41.21000	0.427
41.22000	0.325
41.23000	-0.005
41.24000	-0.155
41.25000	0.161
41.26000	0.425
41.27000	0.083
41.28000	-0.352
41.29000	-0.111
41.30000	0.298
41.31000	-0.034
41.32000	0.054
41.33000	0.054
41.34000	-0.411
41.35000	0.379
41.36000	0.858
41.37000	0.431
41.38000	0.042
41.39000	0.061
41.40000	-0.259
41.41000	-0.437
41.42000	-0.202
41.43000	-0.397
41.44000	0.196
41.45000	0.961
41.46000	0.226
41.47000	0.193
41.48000	0.659
41.49000	0.417
41.50000	0.657
41.51000	0.141
41.52000	-0.643
41.53000	-0.492
41.54000	-0.364
41.55000	-0.174
41.56000	0.249
41.57000	0.230
41.58000	0.246
41.59000	0.640
41.60000	0.806
41.61000	0.241
41.62000	0.230
41.63000	-0.040
41.64000	-0.283
41.65000	-0.281
41.66000	-0.440
41.67000	-0.277
41.68000	-0.135
41.69000	0.533
41.70000	0.441
41.71000	-0.029
41.72000	0.176
41.73000	0.297
41.74000	0.168
41.75000	0.005
41.76000	0.075
41.77000	-0.195
41.78000	-0.328
41.79000	0.030
41.80000	-0.350
41.81000	-0.288
41.82000	0.227
41.83000	0.173
41.84000	0.329
41.85000	0.266
41.86000	-0.114
41.87000	-0.584
41.88000	-0.967
41.89000	-0.617
41.90000	-0.243
41.91000	-0.329
41.92000	0.192
41.93000	0.546
41.94000	0.487
41.95000	0.510
41.96000	0.291
41.97000	0.375
41.98000	0.135
41.99000	-0.019
42.00000	-0.180
42.01000	-0.656
42.02000	-0.108
42.03000	0.281
42.04000	0.254
42.05000	0.433
42.06000	0.715
42.07000	0.785
42.08000	0.215
42.09000	0.098
42.10000	0.014
42.11000	-0.468
42.12000	-0.365
42.13000	-0.325
42.14000	-0.004
42.15000	0.303
42.16000	0.156
42.17000	0.432
42.18000	0.451
42.19000	0.942
42.20000	0.684
42.21000	-0.104
42.22000	0.266
42.23000	0.231
42.24000	-0.391
42.25000	-0.411
42.26000	0.037
42.27000	-0.088
42.28000	-0.211
42.29000	0.237
42.30000	0.473
42.31000	0.869
42.32000	0.080
42.33000	-0.223
42.34000	0.593
42.35000	0.309
42.36000	-0.085
42.37000	-0.392
42.38000	1.409
42.39000	0.424
42.40000	-1.337
42.41000	0.177
42.42000	0.284
42.43000	0.306
42.44000	0.198
42.45000	0.069
42.46000	1.270
42.47000	1.172
42.48000	-0.743
42.49000	-0.841
42.50000	0.016
42.51000	1.022
42.52000	1.329
42.53000	0.180
42.54000	-0.296
42.55000	0.091
42.56000	0.122
42.57000	-0.621
42.58000	-0.933
42.59000	0.405
42.60000	1.049
42.61000	0.536
42.62000	0.470
42.63000	0.450
42.64000	-0.013
42.65000	-0.148
42.66000	0.186
42.67000	-0.014
42.68000	0.049
42.69000	-0.077
42.70000	-0.426
42.71000	0.127
42.72000	0.050
42.73000	-0.211
42.74000	0.279
42.75000	-0.174
42.76000	0.082
42.77000	0.934
42.78000	1.232
42.79000	0.434
42.80000	-0.520
42.81000	-0.323
42.82000	-0.277
42.83000	-0.544
42.84000	-0.310
42.85000	-0.216
42.86000	0.424
42.87000	0.635
42.88000	0.029
42.89000	0.161
42.90000	0.255
42.91000	0.244
42.92000	0.545
42.93000	0.395
42.94000	-0.686
42.95000	-0.664
42.96000	0.323
42.97000	0.339
42.98000	-0.160
42.99000	-0.142
43.00000	0.248
43.01000	-0.157
43.02000	-0.077
43.03000	1.132
43.04000	0.882
43.05000	-0.045
43.06000	-0.216
43.07000	-0.093
43.08000	-0.058
43.09000	0.134
43.10000	0.027
43.11000	0.299
43.12000	0.463
43.13000	-0.081
43.14000	0.035
43.15000	0.294
43.16000	-0.047
43.17000	-0.072
43.18000	0.011
43.19000	0.141
43.20000	0.293
43.21000	-0.023
43.22000	-0.050
43.23000	-0.059
43.24000	0.366
43.25000	0.477
43.26000	0.186
43.27000	-0.032
43.28000	-0.029
43.29000	-0.634
43.30000	-0.444
43.31000	0.187
43.32000	-0.299
43.33000	-0.010
43.34000	0.478
43.35000	0.691
43.36000	0.755
43.37000	0.706
43.38000	0.066
43.39000	-0.207
43.40000	-0.163
43.41000	-0.621
43.42000	-0.478
43.43000	0.138
43.44000	0.273
43.45000	0.132
43.46000	0.649
43.47000	0.345
43.48000	0.346
43.49000	0.746
43.50000	0.580
43.51000	0.527
43.52000	-0.018
43.53000	-0.476
43.54000	-0.361
43.55000	0.048
43.56000	-0.070
43.57000	-0.050
43.58000	-0.069
43.59000	0.105
43.60000	0.603
43.61000	0.555
43.62000	0.540
43.63000	0.642
43.64000	0.086
43.65000	-0.646
43.66000	-0.472
43.67000	-0.205
43.68000	0.102
43.69000	0.278
43.70000	-0.075
43.71000	-0.179
43.72000	0.391
43.73000	0.264
43.74000	0.021
43.75000	0.470
43.76000	0.467
43.77000	-0.036
43.78000	-0.027
43.79000	0.480
43.80000	-0.396
43.81000	-0.754
43.82000	0.026
43.83000	0.138
43.84000	0.265
43.85000	0.106
43.86000	0.090
43.87000	0.042
43.88000	-0.406
43.89000	-0.186
43.90000	0.160
43.91000	0.327
43.92000	0.249
43.93000	0.377
43.94000	0.196
43.95000	-0.321
43.96000	-0.016
43.97000	0.299
43.98000	-0.200
43.99000	-0.273
44.00000	-0.114
44.01000	0.212
44.02000	0.130
44.03000	0.051
44.04000	0.090
44.05000	-0.123
44.06000	0.531
44.07000	0.742
44.08000	0.334
44.09000	0.270
44.10000	-0.094
44.11000	-0.413
44.12000	-0.237
44.13000	-0.103
44.14000	-0.096
44.15000	0.219
44.16000	-0.180
44.17000	-0.004
44.18000	0.362
44.19000	0.176
44.20000	0.761
44.21000	0.544
44.22000	-0.071
44.23000	-0.330
44.24000	-0.314
44.25000	-0.291
44.26000	-0.159
44.27000	0.030
44.28000	-0.045
44.29000	0.054
44.30000	0.180
44.31000	0.524
44.32000	0.378
44.33000	0.193
44.34000	0.178
44.35000	0.079
44.36000	0.321
44.37000	0.007
44.38000	0.069
44.39000	0.415
44.40000	0.274
44.41000	-0.062
44.42000	-0.464
44.43000	-0.228
44.44000	0.428
44.45000	0.653
44.46000	0.104
44.47000	-0.377
44.48000	-0.000
44.49000	0.233
44.50000	0.309
44.51000	0.082
44.52000	-0.335
44.53000	0.141
44.54000	0.400
44.55000	-0.232
44.56000	0.278
44.57000	0.402
44.58000	-0.033
44.59000	-0.050
44.60000	-0.162
44.61000	0.068
44.62000	0.077
44.63000	0.278
44.64000	0.522
44.65000	0.421
44.66000	0.451
44.67000	-0.077
44.68000	-0.595
44.69000	0.524
44.70000	-0.106
44.71000	-1.383
44.72000	-0.802
44.73000	0.656
44.74000	1.322
44.75000	0.379
44.76000	-0.343
44.77000	-0.446
44.78000	0.225
44.79000	0.654
44.80000	0.487
44.81000	0.023
44.82000	0.093
44.83000	-0.146
44.84000	-0.675
44.85000	-0.215
44.86000	0.510
44.87000	0.721
44.88000	-0.230
44.89000	-0.277
44.90000	0.038
44.91000	0.893
44.92000	1.427
44.93000	0.067
44.94000	-0.761
44.95000	-0.436
44.96000	-0.226
44.97000	-0.437
44.98000	-0.358
44.99000	-0.367
45.00000	-0.022
45.01000	0.319
45.02000	0.010
45.03000	0.284
45.04000	0.131
45.05000	0.015
45.06000	0.537
45.07000	0.977
45.08000	-0.260
45.09000	-1.240
45.10000	-0.404
45.11000	-0.121
45.12000	0.099
45.13000	0.121
45.14000	0.324
45.15000	0.433
45.16000	0.194
45.17000	-0.086
45.18000	-0.286
45.19000	0.071
45.20000	0.318
45.21000	0.179
45.22000	0.109
45.23000	-0.491
45.24000	0.078
45.25000	0.618
45.26000	0.460
45.27000	0.000
45.28000	0.061
45.29000	0.112
45.30000	-0.758
45.31000	-0.441
45.32000	0.282
45.33000	0.005
45.34000	0.394
45.35000	0.757
45.36000	-0.320
45.37000	0.035
45.38000	0.728
45.39000	0.204
45.40000	0.383
45.41000	0.140
45.42000	-0.607
45.43000	-0.311
45.44000	-0.291
45.45000	0.066
45.46000	0.227
45.47000	0.014
45.48000	0.436
45.49000	0.309
45.50000	0.561
45.51000	0.764
45.52000	0.151
45.53000	-0.010
45.54000	-0.078
45.55000	-0.321
45.56000	-0.407
45.57000	0.089
45.58000	0.154
45.59000	-0.254
45.60000	0.085
45.61000	0.764
45.62000	0.653
45.63000	-0.052
45.64000	0.074
45.65000	0.080
45.66000	-0.144
45.67000	-0.225
45.68000	-0.577
45.69000	0.156
45.70000	0.434
45.71000	0.022
45.72000	0.423
45.73000	0.274
45.74000	0.196
45.75000	0.193
45.76000	0.027
45.77000	0.192
45.78000	0.005
45.79000	0.021
45.80000	0.385
45.81000	0.268
45.82000	0.085
45.83000	0.424
45.84000	0.067
45.85000	-0.426
45.86000	0.052
45.87000	0.281
45.88000	-0.399
45.89000	-0.197
45.90000	0.624
45.91000	0.170
45.92000	0.053
45.93000	0.260
45.94000	0.311
45.95000	-1.041
45.96000	0.591
45.97000	2.040
45.98000	-0.072
45.99000	-0.337
46.00000	-0.390
46.01000	-1.391
46.02000	-0.190
46.03000	1.232
46.04000	0.591
46.05000	0.096
46.06000	-0.300
46.07000	-0.046
46.08000	0.809
46.09000	0.720
46.10000	-0.049
46.11000	-0.093
46.12000	-0.231
46.13000	-1.274
46.14000	-1.263
46.15000	0.964
46.16000	1.394
46.17000	-0.585
46.18000	-0.793
46.19000	0.858
46.20000	1.043
46.21000	0.491
46.22000	0.446
46.23000	-0.134
46.24000	-0.424
46.25000	0.123
46.26000	-0.151
46.27000	-0.335
46.28000	0.251
46.29000	-0.415
46.30000	-0.248
46.31000	0.283
46.32000	-0.052
46.33000	0.660
46.34000	0.724
46.35000	-0.201
46.36000	-0.456
46.37000	0.114
46.38000	-0.114
46.39000	0.332
46.40000	-0.163
46.41000	-0.498
46.42000	1.036
46.43000	2.329
46.44000	0.415
46.45000	-1.345
46.46000	-0.248
46.47000	-0.077
46.48000	0.052
46.49000	-0.551
46.50000	0.809
46.51000	1.334
46.52000	-0.917
46.53000	-1.186
46.54000	-0.191
46.55000	0.298
46.56000	0.134
46.57000	-0.053
46.58000	-0.321
46.59000	-0.196
46.60000	0.054
46.61000	-0.140
46.62000	1.134
46.63000	0.429
46.64000	-0.605
46.65000	0.175
46.66000	-0.321
46.67000	0.572
46.68000	0.529
46.69000	-0.236
46.70000	-0.189
46.71000	-0.346
46.72000	-0.309
46.73000	-0.540
46.74000	-0.363
46.75000	0.458
46.76000	0.914
46.77000	0.430
46.78000	-0.325
46.79000	0.298
46.80000	0.710
46.81000	0.070
46.82000	0.351
46.83000	0.247
46.84000	-0.185
46.85000	0.094
46.86000	-0.294
46.87000	-0.551
46.88000	0.173
46.89000	0.328
46.90000	0.292
46.91000	0.842
46.92000	0.868
46.93000	-0.429
46.94000	-0.290
46.95000	0.192
46.96000	-0.021
46.97000	0.222
46.98000	-0.462
46.99000	-0.694
47.00000	0.832
47.01000	1.159
47.02000	-0.760
47.03000	-0.762
47.04000	0.670
47.05000	0.288
47.06000	-1.021
47.07000	0.321
47.08000	1.094
47.09000	-0.859
47.10000	-0.782
47.11000	0.553
47.12000	0.813
47.13000	0.512
47.14000	0.428
47.15000	0.121
47.16000	-0.108
47.17000	-0.201
47.18000	-0.123
47.19000	0.070
47.20000	0.314
47.21000	0.115
47.22000	-0.170
47.23000	0.337
47.24000	0.630
47.25000	0.117
47.26000	-0.076
47.27000	0.107
47.28000	0.046
47.29000	-0.422
47.30000	-0.371
47.31000	0.054
47.32000	0.408
47.33000	0.299
47.34000	-0.120
47.35000	0.018
47.36000	0.391
47.37000	0.549
47.38000	0.223
47.39000	0.086
47.40000	-0.228
47.41000	-0.260
47.42000	-0.253
47.43000	-0.349
47.44000	-0.099
47.45000	0.019
47.46000	-0.122
47.47000	0.106
47.48000	0.289
47.49000	0.375
47.50000	0.704
47.51000	0.714
47.52000	0.520
47.53000	0.103
47.54000	-0.507
47.55000	-0.638
47.56000	-0.617
47.57000	-0.396
47.58000	0.035
47.59000	0.093
47.60000	0.217
47.61000	0.159
47.62000	0.598
47.63000	0.588
47.64000	0.095
47.65000	0.199
47.66000	0.103
47.67000	-0.034
47.68000	-0.083
47.69000	-0.161
47.70000	-0.115
47.71000	0.097
47.72000	0.070
47.73000	0.271
47.74000	0.204
47.75000	0.143
47.76000	0.184
47.77000	-0.523
47.78000	-0.532
47.79000	-0.144
47.80000	0.558
47.81000	0.724
47.82000	0.525
47.83000	0.488
47.84000	0.105
47.85000	0.189
47.86000	-0.155
47.87000	-0.224
47.88000	0.175
47.89000	-0.324
47.90000	-0.673
47.91000	-0.234
47.92000	0.272
47.93000	0.283
47.94000	0.210
47.95000	0.867
47.96000	0.798
47.97000	-0.106
47.98000	0.265
47.99000	0.519
48.00000	-0.192
48.01000	-0.168
48.02000	-0.211
48.03000	-0.051
48.04000	0.096
48.05000	0.086
48.06000	0.329
48.07000	0.596
48.08000	0.846
48.09000	0.747
48.10000	0.421
48.11000	0.102
48.12000	-0.314
48.13000	-0.595
48.14000	-0.001
48.15000	-0.125
48.16000	-0.316
48.17000	-0.079
48.18000	-0.059
48.19000	0.299
48.20000	0.150
48.21000	0.435
48.22000	0.767
48.23000	0.222
48.24000	-0.400
48.25000	-0.163
48.26000	0.386
48.27000	0.102
48.28000	-0.223
48.29000	-0.109
48.30000	0.120
48.31000	0.189
48.32000	0.462
48.33000	0.569
48.34000	0.690
48.35000	0.257
48.36000	-0.094
48.37000	0.125
48.38000	0.328
48.39000	0.120
48.40000	-0.020
48.41000	0.309
48.42000	-0.589
48.43000	-0.784
48.44000	0.415
48.45000	0.780
48.46000	0.129
48.47000	0.090
48.48000	-0.022
48.49000	-0.395
48.50000	0.088
48.51000	0.401
48.52000	0.125
48.53000	0.077
48.54000	0.057
48.55000	-0.121
48.56000	-0.069
48.57000	1.001
48.58000	0.373
48.59000	-0.872
48.60000	-0.773
48.61000	-0.353
48.62000	0.191
48.63000	-0.031
48.64000	0.108
48.65000	0.162
48.66000	0.389
48.67000	0.391
48.68000	0.170
48.69000	0.086
48.70000	0.031
48.71000	-0.380
48.72000	-0.413
48.73000	-0.219
48.74000	-0.406
48.75000	-0.001
48.76000	0.068
48.77000	0.354
48.78000	0.305
48.79000	0.139
48.80000	0.607
48.81000	0.162
48.82000	0.030
48.83000	0.313
48.84000	-0.083
48.85000	-0.135
48.86000	-0.159
48.87000	-0.658
48.88000	-0.408
48.89000	0.101
48.90000	0.382
48.91000	0.308
48.92000	0.043
48.93000	0.132
48.94000	-0.078
48.95000	0.076
48.96000	0.083
48.97000	-0.351
48.98000	-0.347
48.99000	0.348
49.00000	0.285
49.01000	-0.396
49.02000	0.304
49.03000	0.496
49.04000	0.097
49.05000	0.187
49.06000	-0.122
49.07000	-0.353
49.08000	0.125
49.09000	0.341
49.10000	0.192
49.11000	0.231
49.12000	0.140
49.13000	-0.126
49.14000	-0.398
49.15000	-0.074
49.16000	0.134
49.17000	-0.035
49.18000	-0.030
49.19000	-0.080
49.20000	-0.267
49.21000	-0.085
49.22000	0.131
49.23000	-0.079
49.24000	0.053
49.25000	0.040
49.26000	0.816
49.27000	0.476
49.28000	-0.298
49.29000	0.270
49.30000	-0.329
49.31000	-0.424
49.32000	-0.098
49.33000	-0.114
49.34000	0.217
49.35000	0.205
49.36000	0.318
49.37000	0.320
49.38000	0.383
49.39000	0.346
49.40000	-0.136
49.41000	0.032
49.42000	-0.144
49.43000	-0.332
49.44000	-0.159
49.45000	-0.319
49.46000	-0.117
49.47000	0.382
49.48000	0.513
49.49000	0.620
49.50000	0.463
49.51000	0.243
49.52000	0.250
49.53000	0.161
49.54000	-0.162
49.55000	-0.088
49.56000	-0.112
49.57000	-0.342
49.58000	-0.231
49.59000	-0.492
49.60000	-0.240
49.61000	0.587
49.62000	0.590
49.63000	0.311
49.64000	0.295
49.65000	-0.092
49.66000	-0.264
49.67000	0.072
49.68000	0.235
49.69000	0.127
49.70000	-0.120
49.71000	-0.397
49.72000	-0.232
49.73000	-0.033
49.74000	0.393
49.75000	0.446
49.76000	0.303
49.77000	0.099
49.78000	-0.023
49.79000	0.106
49.80000	0.020
49.81000	0.056
49.82000	0.192
49.83000	0.224
49.84000	0.174
49.85000	0.460
49.86000	0.449
49.87000	0.044
49.88000	-0.078
49.89000	-0.289
49.90000	-0.533
49.91000	-0.211
49.92000	-0.062
49.93000	0.297
49.94000	0.612
49.95000	0.120
49.96000	0.275
49.97000	0.578
49.98000	0.313
49.99000	-0.215
50.00000	-0.244
50.01000	0.109
50.02000	-0.268
50.03000	-0.306
50.04000	0.190
50.05000	0.242
50.06000	0.053
50.07000	0.337
50.08000	0.473
50.09000	0.152
50.10000	0.282
50.11000	0.026
50.12000	-0.008
50.13000	0.287
50.14000	0.027
50.15000	-0.122
50.16000	-0.124
50.17000	-0.288
50.18000	0.027
50.19000	0.244
50.20000	0.304
50.21000	0.554
50.22000	0.395
50.23000	0.303
50.24000	0.485
50.25000	0.099
50.26000	-0.402
50.27000	0.066
50.28000	-0.226
50.29000	-0.331
50.30000	0.268
50.31000	0.079
50.32000	-0.044
50.33000	0.308
50.34000	0.197
50.35000	0.249
50.36000	0.095
50.37000	-0.355
50.38000	0.004
50.39000	0.212
50.40000	0.060
50.41000	0.305
50.42000	0.413
50.43000	-0.109
50.44000	-0.622
50.45000	-0.287
50.46000	0.109
50.47000	0.208
50.48000	0.268
50.49000	0.254
50.50000	0.059
50.51000	-0.475
50.52000	-0.159
50.53000	0.202
50.54000	0.213
50.55000	0.120
50.56000	0.036
50.57000	0.249
50.58000	-0.052
50.59000	-0.344
50.60000	-0.195
50.61000	-0.269
50.62000	-0.340
50.63000	-0.053
50.64000	-0.079
50.65000	0.048
50.66000	0.626
50.67000	0.181
50.68000	0.183
50.69000	0.800
50.70000	0.523
50.71000	-0.214
50.72000	-0.370
50.73000	-0.516
50.74000	-0.379
50.75000	0.351
50.76000	0.118
50.77000	-0.245
50.78000	-0.030
50.79000	0.160
50.80000	0.431
50.81000	0.632
50.82000	0.114
50.83000	0.045
50.84000	-0.020
50.85000	-0.526
50.86000	-0.549
50.87000	-0.303
50.88000	-0.128
50.89000	0.013
50.90000	0.224
50.91000	0.288
50.92000	0.656
50.93000	0.257
50.94000	-0.158
50.95000	-0.286
50.96000	-0.377
50.97000	0.109
50.98000	0.038
50.99000	0.018
51.00000	-0.019
51.01000	-0.345
51.02000	0.061
51.03000	0.619
51.04000	0.255
51.05000	0.172
51.06000	0.031
51.07000	-0.014
51.08000	-0.125
51.09000	-0.296
51.10000	0.283
51.11000	0.358
51.12000	0.188
51.13000	0.470
51.14000	0.125
51.15000	0.088
51.16000	0.173
51.17000	-0.271
51.18000	-0.497
51.19000	-0.500
51.20000	-0.031
51.21000	-0.183
51.22000	0.125
51.23000	0.645
51.24000	0.082
51.25000	-0.075
51.26000	0.390
51.27000	0.243
51.28000	0.219
51.29000	0.020
51.30000	-0.428
51.31000	-0.207
51.32000	-0.498
51.33000	-0.152
51.34000	0.210
51.35000	-0.093
51.36000	0.061
51.37000	0.212
51.38000	0.591
51.39000	0.379
51.40000	0.087
51.41000	0.120
51.42000	0.191
51.43000	0.086
51.44000	-0.250
51.45000	-0.264
51.46000	-0.114
51.47000	-0.316
51.48000	-0.130
51.49000	0.375
51.50000	0.712
51.51000	0.439
51.52000	0.043
51.53000	0.263
51.54000	0.085
51.55000	-0.165
51.56000	0.101
51.57000	0.170
51.58000	-0.209
51.59000	-0.200
51.60000	-0.142
51.61000	-0.084
51.62000	0.030
51.63000	-0.111
51.64000	0.133
51.65000	0.278
51.66000	-0.067
51.67000	-0.375
51.68000	-0.216
51.69000	0.220
51.70000	0.042
51.71000	-0.138
51.72000	0.070
51.73000	0.180
51.74000	0.160
51.75000	0.131
51.76000	-0.008
51.77000	-0.394
51.78000	-0.284
51.79000	-0.073
51.80000	-0.087
51.81000	0.184
51.82000	0.455
51.83000	0.403
51.84000	0.031
51.85000	-0.044
51.86000	0.509
51.87000	0.635
51.88000	-0.292
51.89000	-0.560
51.90000	-0.350
51.91000	-0.384
51.92000	-0.265
51.93000	0.060
51.94000	0.263
51.95000	0.268
51.96000	0.288
51.97000	0.269
51.98000	0.307
51.99000	0.423
52.00000	-0.152
52.01000	-0.620
52.02000	-0.229
52.03000	-0.390
52.04000	-0.455
52.05000	0.096
52.06000	0.129
52.07000	0.222
52.08000	0.050
52.09000	0.044
52.10000	0.682
52.11000	0.565
52.12000	0.042
52.13000	-0.312
52.14000	-0.276
52.15000	-0.153
52.16000	-0.309
52.17000	-0.240
52.18000	-0.478
52.19000	-0.444
52.20000	-0.113
52.21000	0.037
52.22000	0.272
52.23000	0.073
52.24000	0.171
52.25000	0.459
52.26000	-0.194
52.27000	-0.332
52.28000	-0.117
52.29000	-0.135
52.30000	-0.235
52.31000	-0.040
52.32000	0.176
52.33000	-0.459
52.34000	0.082
52.35000	0.699
52.36000	-0.107
52.37000	-0.178
52.38000	-0.075
52.39000	-0.080
52.40000	0.238
52.41000	0.203
52.42000	0.339
52.43000	-0.036
52.44000	-0.219
52.45000	0.113
52.46000	0.357
52.47000	0.062
52.48000	-0.420
52.49000	-0.506
52.50000	-0.162
52.51000	-0.297
52.52000	-0.495
52.53000	0.143
52.54000	0.298
52.55000	0.408
52.56000	0.462
52.57000	0.378
52.58000	0.326
52.59000	0.059
52.60000	-0.180
52.61000	-0.366
52.62000	-0.499
52.63000	-0.446
52.64000	0.026
52.65000	0.166
52.66000	-0.221
52.67000	0.130
52.68000	0.571
52.69000	0.606
52.70000	0.528
52.71000	-0.275
52.72000	-0.588
52.73000	-0.479
52.74000	-0.651
52.75000	-0.334
52.76000	-0.082
52.77000	-0.120
52.78000	-0.289
52.79000	0.118
52.80000	0.818
52.81000	0.738
52.82000	0.093
52.83000	-0.257
52.84000	-0.190
52.85000	-0.519
52.86000	-0.181
52.87000	0.034
52.88000	-0.086
52.89000	-0.369
52.90000	-0.365
52.91000	0.290
52.92000	0.500
52.93000	0.373
52.94000	-0.038
52.95000	-0.343
52.96000	-0.467
52.97000	-0.410
52.98000	-0.147
52.99000	0.611
53.00000	0.258
53.01000	-0.439
53.02000	-0.271
53.03000	0.032
53.04000	0.430
53.05000	0.154
53.06000	0.074
53.07000	-0.133
53.08000	-0.525
53.09000	-0.270
53.10000	-0.044
53.11000	0.338
53.12000	0.737
53.13000	-0.036
53.14000	-0.194
53.15000	0.268
53.16000	0.154
53.17000	-0.005
53.18000	0.058
53.19000	0.196
53.20000	-0.277
53.21000	-0.316
53.22000	0.172
53.23000	-0.010
53.24000	-0.330
53.25000	0.345
53.26000	0.619
53.27000	0.507
53.28000	0.563
53.29000	-0.049
53.30000	-0.405
53.31000	-0.290
53.32000	-0.771
53.33000	-0.371
53.34000	0.260
53.35000	-0.030
53.36000	-0.060
53.37000	0.079
53.38000	0.530
53.39000	0.565
53.40000	-0.672
53.41000	0.051
53.42000	0.646
53.43000	-1.226
53.44000	-0.185
53.45000	0.255
53.46000	-0.003
53.47000	-0.142
53.48000	-0.877
53.49000	0.580
53.50000	0.898
53.51000	-0.547
53.52000	-0.473
53.53000	0.084
53.54000	-0.247
53.55000	-0.408
53.56000	-0.163
53.57000	0.224
53.58000	0.248
53.59000	-0.049
53.60000	-0.175
53.61000	0.191
53.62000	0.223
53.63000	0.540
53.64000	0.458
53.65000	0.010
53.66000	-0.456
53.67000	-0.788
53.68000	0.222
53.69000	0.461
53.70000	0.105
53.71000	0.092
53.72000	-0.010
53.73000	0.450
53.74000	0.345
53.75000	-0.394
53.76000	-0.283
53.77000	-0.259
53.78000	-0.452
53.79000	-0.045
53.80000	0.057
53.81000	-0.089
53.82000	0.268
53.83000	0.505
53.84000	0.114
53.85000	0.033
53.86000	-0.112
53.87000	-0.032
53.88000	-0.057
53.89000	-0.700
53.90000	-0.562
53.91000	-0.100
53.92000	0.031
53.93000	-0.194
53.94000	-0.446
53.95000	-0.237
53.96000	0.145
53.97000	0.498
53.98000	0.649
53.99000	0.197
54.00000	0.003
54.01000	0.096
54.02000	-0.493
54.03000	-0.852
54.04000	-0.467
54.05000	-0.149
54.06000	-0.125
54.07000	-0.359
54.08000	-0.283
54.09000	0.301
54.10000	0.672
54.11000	0.713
54.12000	0.196
54.13000	0.154
54.14000	-0.173
54.15000	0.000