0.14053595066070557
0.13572579622268677
0.13447527587413788
0.14057621359825134
0.1498781442642212
0.14777353405952454
0.14668960869312286
0.14665478467941284
0.14479732513427734
0.1430693119764328
0.14566488564014435
0.15555894374847412
0.16749770939350128
0.1615980565547943
0.16861926019191742
0.1652621179819107
0.15795794129371643
0.160317525267601
0.16761064529418945
0.17065167427062988
0.17003870010375977
0.17044547200202942
0.17475692927837372
0.17596936225891113
0.17259778082370758
0.17357416450977325
0.17709383368492126
0.1786879152059555
0.17907938361167908
0.18111275136470795
0.17443011701107025
0.1765444576740265
0.1802961677312851
0.1794625222682953
0.17903679609298706
0.17635266482830048
0.1919420212507248
0.197053000330925
0.19933035969734192
0.19511352479457855
0.19222931563854218
0.19011960923671722
0.19580326974391937
0.19682027399539948
0.19609884917736053
0.19721880555152893
0.19821737706661224
0.1921146810054779
0.19499507546424866
0.18869586288928986
0.17563766241073608
0.16505950689315796
0.17073951661586761
0.18036474287509918
0.18522967398166656
0.19078926742076874
0.1951533555984497
0.1965450942516327
0.19376833736896515
0.1931026577949524
0.19701428711414337
0.1972775161266327
0.19459865987300873
0.18481402099132538
0.1805129200220108
0.17705367505550385
0.17458327114582062
0.17523373663425446
0.1796889752149582
0.17719048261642456
0.18078473210334778
0.17476575076580048
0.17268449068069458
0.17166046798229218
0.16461466252803802
0.16330046951770782
0.16769573092460632
0.16631095111370087
0.16724270582199097
0.17044055461883545
0.16945374011993408
0.1655922532081604
0.17108933627605438
0.17482046782970428
0.1763816624879837
0.1647482067346573
0.16860754787921906
0.17152324318885803
0.17176035046577454
0.16997848451137543
0.17090550065040588
0.17511104047298431
0.1657041311264038
0.17081069946289062
0.17138804495334625
0.16626696288585663
0.1674015074968338
0.17265133559703827
0.17119212448596954
0.17595607042312622
0.1714394986629486
0.17366746068000793
0.18289780616760254
0.18371720612049103
0.18015901744365692
0.18395103514194489
0.1861795336008072
0.18674109876155853
0.17929644882678986
0.17432209849357605
0.1772143393754959
0.17795589566230774
0.17529071867465973
0.1747598946094513
0.1845153272151947
0.19100934267044067
0.18667106330394745
0.18473924696445465
0.1822550743818283
0.17791755497455597
0.18307720124721527
0.18618448078632355
0.18429787456989288
0.1796882599592209
0.18923775851726532
0.19543294608592987
0.1938912719488144
0.20233042538166046
0.20544776320457458
0.2070595920085907
0.2097589075565338
0.21427705883979797
0.2206883281469345
0.22274379432201385
0.22617317736148834
0.2255169004201889
0.22527720034122467
0.21803458034992218
0.2112598568201065
0.20678870379924774
0.21475638449192047
0.21209274232387543
0.21704751253128052
0.22815686464309692
0.23596829175949097
0.23309876024723053
0.23655658960342407
0.24151481688022614
0.24066293239593506
0.24176640808582306
0.23772206902503967
0.23645098507404327
0.23424851894378662
0.2383594661951065
0.24031198024749756
0.24576561152935028
0.2481914609670639
0.24683138728141785
0.24829447269439697
0.24436914920806885
0.24180111289024353
0.24218304455280304
0.22898928821086884
0.2266492247581482
0.21178293228149414
0.2103402316570282
0.2002626359462738
0.19029197096824646
0.1773332804441452
0.1642601042985916
0.15844731032848358
0.15297918021678925
0.14911872148513794
0.13858839869499207
0.13415032625198364
0.12843868136405945
0.12459225952625275
0.12305151671171188
0.12794376909732819
0.12940751016139984
0.1300555318593979
0.1356445848941803
0.1440933644771576
0.15575310587882996
0.15491607785224915
0.1559154987335205
0.15780003368854523
0.15046454966068268
0.1491529643535614
0.15269073843955994
0.14601966738700867
0.14141958951950073
0.1430819183588028
0.14233115315437317
0.13786178827285767
0.13758118450641632
0.13207195699214935
0.13004589080810547
0.13321322202682495
0.1377260982990265
0.13641677796840668
0.13992884755134583
0.1374536156654358
0.14597642421722412
0.16038256883621216
0.16487982869148254
0.16519242525100708
0.1591189205646515
0.1652703434228897
0.17412742972373962
0.17949278652668
0.1796502023935318
0.17587266862392426
0.1706913709640503
0.17154252529144287
0.17085199058055878
0.15871906280517578
0.14981356263160706
0.14864924550056458
0.14426955580711365
0.14967818558216095
0.1537112593650818
0.16614188253879547
0.17046968638896942
0.17260397970676422
0.16581222414970398
0.16523681581020355
0.17183269560337067
0.1708916574716568
0.16804733872413635
0.16408438980579376
0.1585754007101059
0.16046658158302307
0.15973040461540222
0.16439759731292725
0.1617555469274521
0.16405089199543
0.15810267627239227
0.15966126322746277
0.15811550617218018
0.15881375968456268
0.15841375291347504
0.15605032444000244
0.16240069270133972
0.16278398036956787
0.16189150512218475
0.16091251373291016
0.1653420478105545
0.16381508111953735
0.16250568628311157
0.17015644907951355
0.17735539376735687
0.17411550879478455
0.17406634986400604
0.17790374159812927
0.1816849261522293
0.19022731482982635
0.19529511034488678
0.20084524154663086
0.20881935954093933
0.22152218222618103
0.2251148223876953
0.2141890972852707
0.2047635316848755
0.2038007527589798
0.20196659862995148
0.19648338854312897
0.19807632267475128
0.1982944905757904
0.1925775706768036
0.1886846125125885
0.18661989271640778
0.18852712213993073
0.18716369569301605
0.18785341084003448
0.17974556982517242
0.17127935588359833
0.170953169465065
0.17358434200286865
0.17604275047779083
0.1708100587129593
0.15916456282138824
0.15629826486110687
0.15871566534042358
0.1633530855178833
0.15954388678073883
0.15506233274936676
0.1608261913061142
0.17728985846042633
0.17722973227500916
0.18295235931873322
0.18984659016132355
0.18867963552474976
0.18301260471343994
0.18613344430923462
0.18310868740081787
0.18753889203071594
0.1944005787372589
0.2024160921573639
0.20295661687850952
0.19392134249210358
0.18233944475650787
0.17070288956165314
0.15586388111114502
0.1390453279018402
0.14034846425056458
0.14055417478084564
0.12689565122127533
0.1279139220714569
0.14377979934215546
0.14324823021888733
0.15244263410568237
0.1563543975353241
0.15986692905426025
0.1603131741285324
0.16048294305801392
0.15746821463108063
0.16179612278938293
0.16608527302742004
0.17856547236442566
0.18867641687393188
0.19566872715950012
0.21129608154296875
0.21467003226280212
0.2245505303144455
0.2281702160835266
0.23670411109924316
0.2358357012271881
0.23703958094120026
0.2340347021818161
0.23493942618370056
0.24399711191654205
0.24482373893260956
0.2435019314289093
0.23966096341609955
0.23356246948242188
0.23810870945453644
0.23789355158805847
0.2308076173067093
0.22398041188716888
0.21895316243171692
0.2141692042350769
0.21132604777812958
0.20425720512866974
0.21198774874210358
0.2116374671459198
0.20370134711265564
0.20140224695205688
0.19589950144290924
0.19134949147701263
0.18021968007087708
0.1606103628873825
0.1450197547674179
0.12916472554206848
0.1282239854335785
0.12036755681037903
0.13171042501926422
0.12880463898181915
0.1400585025548935
0.1332848072052002
0.1475156545639038
0.155272975564003
0.15414685010910034
0.14766272902488708
0.15478041768074036
0.16328619420528412
0.16704237461090088
0.16184017062187195
0.15905407071113586
0.15554645657539368
0.1553027629852295
0.15869972109794617
0.1614675372838974
0.16829080879688263
0.17037910223007202
0.1761694997549057
0.17954109609127045
0.18387122452259064
0.19017978012561798
0.19388502836227417
0.1845734864473343
0.18232977390289307
0.17713449895381927
0.180351123213768
0.1700619012117386
0.16761191189289093
0.16424310207366943
0.16719570755958557
0.16913336515426636
0.16346487402915955
0.16211946308612823
0.16413526237010956
0.17126959562301636
0.16960559785366058
0.1654900759458542
0.18912284076213837
0.189713254570961
0.1891297847032547
0.19239380955696106
0.19732502102851868
0.20050323009490967
0.2027675062417984
0.20472227036952972
0.20236030220985413
0.20319123566150665
0.19737091660499573
0.2008901685476303
0.19657929241657257
0.198089137673378
0.1947416365146637
0.19846537709236145
0.19025206565856934
0.18894407153129578
0.18306311964988708
0.18780474364757538
0.18996387720108032
0.1889469027519226
0.19329392910003662
0.20634877681732178
0.1967858523130417
0.19854402542114258
0.18908298015594482
0.18821249902248383
0.18264949321746826
0.18270066380500793
0.18001580238342285
0.1764090657234192
0.17249299585819244
0.1722925901412964
0.1708262711763382
0.1715257465839386
0.1789940595626831
0.17709709703922272
0.1773117333650589
0.17542898654937744
0.16874061524868011
0.15430589020252228
0.14952340722084045
0.14162790775299072
0.14728325605392456
0.16060759127140045
0.17787276208400726
0.18293428421020508
0.16566699743270874
0.14507059752941132
0.14493632316589355
0.14144539833068848
0.14021697640419006
0.14330706000328064
0.13831858336925507
0.1501826047897339
0.1532703936100006
0.1642090082168579
0.17675450444221497
0.16995461285114288
0.1590522676706314
0.15939241647720337
0.1640106588602066
0.16189150512218475
0.1637522131204605
0.16861438751220703
0.1698063164949417
0.1680406630039215
0.1680973321199417
0.17977118492126465
0.17347519099712372
0.1615932285785675
0.15407218039035797
0.15753474831581116
0.1612369865179062
0.16023829579353333
0.15235276520252228
0.16155698895454407
0.16874529421329498
0.1788218468427658
0.17810820043087006
0.1900765299797058
0.19514043629169464
0.19718396663665771
0.19370092451572418
0.1881624460220337
0.18903756141662598
0.19636480510234833
0.19139014184474945
0.19719761610031128
0.19432196021080017
0.19119369983673096
0.1855466216802597
0.1989557147026062
0.21741268038749695
0.2323271483182907
0.23814834654331207
0.23308780789375305
0.2332231104373932
0.23206600546836853
0.2262142300605774
0.21580664813518524
0.2107761800289154
0.21424880623817444
0.21620158851146698
0.2092745155096054
0.20891156792640686
0.1999630331993103
0.18873028457164764
0.17257051169872284
0.16989603638648987
0.17057941854000092
0.1686008870601654
0.17528018355369568
0.18497222661972046
0.1968095451593399
0.20511989295482635
0.19520361721515656
0.18107089400291443
0.18203844130039215
0.18677285313606262
0.17611949145793915
0.16509704291820526
0.16537126898765564
0.1772797405719757
0.17727267742156982
0.16890539228916168
0.1714683324098587
0.165560781955719
0.16367840766906738
0.16407562792301178
0.15654081106185913
0.153611958026886
0.1611797958612442
0.1600891798734665
0.17031466960906982
0.1698654592037201
0.15787014365196228
0.1532610058784485
0.16690070927143097
0.16497816145420074
0.1710735261440277
0.16729366779327393
0.1525275856256485
0.13884977996349335
0.14304111897945404
0.151737242937088
0.15250733494758606
0.15245598554611206
0.16295947134494781
0.1587742269039154
0.16271555423736572
0.17182758450508118
0.17747904360294342
0.1756863296031952
0.1720084846019745
0.17153112590312958
0.17939536273479462
0.18585346639156342
0.18456099927425385
0.18837419152259827
0.19366700947284698
0.19648772478103638
0.1952483057975769
0.19840724766254425
0.2086779773235321
0.19881385564804077
0.1920216977596283
0.1875905692577362
0.1911994367837906
0.20142991840839386
0.18494699895381927
0.1821015328168869
0.183524489402771
0.17864209413528442
0.18000052869319916
0.1830301731824875
0.17728590965270996
0.166089728474617
0.16529041528701782
0.155259907245636
0.16141751408576965
0.16370441019535065
0.17626157402992249
0.1698179841041565
0.1762835532426834
0.17660154402256012
0.1704990714788437
0.17682181298732758
0.17232179641723633
0.16826213896274567
0.17483742535114288
0.17779749631881714
0.1726812869310379
0.16687239706516266
0.16103553771972656
0.16825176775455475
0.17405587434768677
0.17397256195545197
0.17529164254665375
0.18201379477977753
0.17951592803001404
0.17593654990196228
0.17222119867801666
0.18422669172286987
0.18302759528160095
0.19252131879329681
0.19399632513523102
0.19147039949893951
0.18866045773029327
0.19380764663219452
0.19506584107875824
0.18511733412742615
0.17257070541381836
0.17263580858707428
0.18191733956336975
0.18604803085327148
0.18652357161045074
0.1773030012845993
0.18650059401988983
0.19009236991405487
0.18505367636680603
0.1986335963010788
0.21400456130504608
0.21469415724277496
0.20996391773223877
0.2078026384115219
0.20717664062976837
0.21826718747615814
0.22254377603530884
0.21143513917922974
0.20245815813541412
0.20245307683944702
0.1993436962366104
0.19592058658599854
0.19832052290439606
0.19435220956802368
0.18460986018180847
0.18335549533367157
0.1765807867050171
0.17330732941627502
0.1789531409740448
0.2028147131204605
0.1962740570306778
0.20145636796951294
0.18760241568088531
0.18988047540187836
0.1788254678249359
0.18526393175125122
0.18594534695148468
0.18212555348873138
0.180802583694458
0.17398850619792938
0.16734589636325836
0.16219450533390045
0.17505478858947754
0.19024740159511566
0.1865139901638031
0.18712158501148224
0.19176888465881348
0.19236785173416138
0.19798241555690765
0.1903613954782486
0.18652461469173431
0.19328716397285461
0.19067774713039398
0.19816449284553528
0.20563673973083496
0.20637330412864685
0.19935165345668793
0.19919854402542114
0.2018587440252304
0.22285647690296173
0.2330196350812912
0.2355009913444519
0.14622759819030762
0.10780715197324753
0.10235553979873657
0.12459108233451843
0.14233671128749847
0.16129043698310852
0.1850389689207077
0.1881484091281891
0.1837492436170578
0.1929260492324829
0.20433956384658813
0.2100313901901245
0.21456564962863922
0.21871061623096466
0.2151540070772171
0.20751412212848663
0.20427387952804565
0.20709095895290375
0.21455954015254974
0.21634605526924133
0.218181312084198
0.21813172101974487
0.2258319854736328
0.22922180593013763
0.2375098019838333
0.2375722974538803
0.22923655807971954
0.21765205264091492
0.2112358808517456
0.22307777404785156
0.2206510454416275
0.2133612334728241
0.20159070193767548
0.19354991614818573
0.19630834460258484
0.19288159906864166
0.1937980353832245
0.20969130098819733
0.21636660397052765
0.21340766549110413
0.21036596596240997
0.18446147441864014
0.16577211022377014
0.18364520370960236
0.1810031682252884
0.17047053575515747
0.1709606647491455
0.18424201011657715
0.18665140867233276
0.1826227456331253
0.1872641146183014
0.18683812022209167
0.18799929320812225
0.18485456705093384
0.17283202707767487
0.1623811572790146
0.16314932703971863
0.16139228641986847
0.17121021449565887
0.16403783857822418
0.16003888845443726
0.15501286089420319
0.15140870213508606
0.1477484405040741
0.15459120273590088
0.15343981981277466
0.15368616580963135
0.15045668184757233
0.16498562693595886
0.16967034339904785
0.1529642939567566
0.15121856331825256
0.15192438662052155
0.1603861153125763
0.18013989925384521
0.18156372010707855
0.17724792659282684
0.1736726313829422
0.18137004971504211
0.17108052968978882
0.16944406926631927
0.16580617427825928
0.17703615128993988
0.1744879186153412
0.17587366700172424
0.1766793429851532
0.17405295372009277
0.17837615311145782
0.18790169060230255
0.18912161886692047
0.18693232536315918
0.18678395450115204
0.19433459639549255
0.18872861564159393
0.19263321161270142
0.19749191403388977
0.19854184985160828
0.20256540179252625
0.19591854512691498
0.19794410467147827
0.1877930611371994
0.1885099709033966
0.17682968080043793
0.16939792037010193
0.17112651467323303
0.17001253366470337
0.16466638445854187
0.1702605038881302
0.1728542447090149
0.17297963798046112
0.16551430523395538
0.16665469110012054
0.1654578298330307
0.16132508218288422
0.16978612542152405
0.1599983274936676
0.15966707468032837
0.15482282638549805
0.15733283758163452
0.16266952455043793
0.15060849487781525
0.13640251755714417
0.1323777139186859
0.1307501643896103
0.13792233169078827
0.14870822429656982
0.15269583463668823
0.16474753618240356
0.16968339681625366
0.1701575219631195
0.17569901049137115
0.17359882593154907
0.17739517986774445
0.17780162394046783
0.1749943047761917
0.16334687173366547
0.16234762966632843
0.16080275177955627
0.16068515181541443
0.1604767143726349
0.1505618393421173
0.1545078009366989
0.1505449265241623
0.14509890973567963
0.14637364447116852
0.1561127007007599
0.15178847312927246
0.151153102517128
0.14453503489494324
0.14668957889080048
0.1537274867296219
0.15398766100406647
0.13543957471847534
0.12965437769889832
0.13299211859703064
0.12830808758735657
0.13291336596012115
0.13601478934288025
0.135789692401886
0.13879716396331787
0.14463631808757782
0.15411555767059326
0.1596732884645462
0.157176673412323
0.15572130680084229
0.15441705286502838
0.1514778882265091
0.14216171205043793
0.1559440940618515
0.1579771190881729
0.16166004538536072
0.16850066184997559
0.17581906914710999
0.1796504557132721
0.17294004559516907
0.17670279741287231
0.17846491932868958
0.18607793748378754
0.19532842934131622
0.18999195098876953
0.1932147592306137
0.1951080709695816
0.19501549005508423
0.19572603702545166
0.19554339349269867
0.20054376125335693
0.19660276174545288
0.19646726548671722
0.1947551816701889
0.19001814723014832
0.18979255855083466
0.1924024224281311
0.19914883375167847
0.1920720785856247
0.1862088143825531
0.1796884685754776
0.18183502554893494
0.18606449663639069
0.1861582100391388
0.17568913102149963
0.17709730565547943
0.18427768349647522
0.1853509247303009
0.17488309741020203
0.15716731548309326
0.1454305350780487
0.15500204265117645
0.16047528386116028
0.15964321792125702
0.15636387467384338
0.15936408936977386
0.1653592437505722
0.16497482359409332
0.16997206211090088
0.17190589010715485
0.1692284196615219
0.16160134971141815
0.17635643482208252
0.1824076920747757
0.1727886199951172
0.17259088158607483
0.181248739361763
0.18497253954410553
0.17325474321842194
0.18917539715766907
0.1955825239419937
0.18263892829418182
0.16973355412483215
0.17750562727451324
0.18564605712890625
0.1809110939502716
0.16461922228336334
0.17722377181053162
0.16851237416267395
0.15918834507465363
0.15562237799167633
0.1602620631456375
0.16808517277240753
0.16964252293109894
0.1677372008562088
0.1687309592962265
0.17123161256313324
0.17882363498210907
0.18108849227428436
0.1796124279499054
0.1726170927286148
0.17365626990795135
0.18535582721233368
0.19240184128284454
0.19878695905208588
0.2022254765033722
0.20226870477199554
0.20488408207893372
0.20589737594127655
0.21161039173603058
0.21192839741706848
0.20795421302318573
0.208600714802742
0.20369884371757507
0.1963544636964798
0.19574493169784546
0.19918078184127808
0.20062951743602753
0.19627146422863007
0.19979527592658997
0.2081960141658783
0.20704936981201172
0.20278936624526978
0.2071222960948944
0.211668461561203
0.22085890173912048
0.21577639877796173
0.20783336460590363
0.2043515294790268
0.20392635464668274
0.19509173929691315
0.18907880783081055
0.18776816129684448
0.19104814529418945
0.18079978227615356
0.17103108763694763
0.1731296330690384
0.17494000494480133
0.17554523050785065
0.17285925149917603
0.16344444453716278
0.16527104377746582
0.17634978890419006
0.1763945370912552
0.16787223517894745
0.1709536910057068
0.1783287674188614
0.18025150895118713
0.18857115507125854
0.19665206968784332
0.20875808596611023
0.21516422927379608
0.22766658663749695
0.23647013306617737
0.23874454200267792
0.25381025671958923
0.2580612897872925
0.2499585747718811
0.23934414982795715
0.21852152049541473
0.21011266112327576
0.19303806126117706
0.18180102109909058
0.1758192628622055
0.17136922478675842
0.1705663651227951
0.17474552989006042
0.17507341504096985
0.1595238298177719
0.15187089145183563
0.15530435740947723
0.16492266952991486
0.1631527841091156
0.16591902077198029
0.17872850596904755
0.18347084522247314
0.18558113276958466
0.18164031207561493
0.17184047400951385
0.1803503930568695
0.17664605379104614
0.17290061712265015
0.17768393456935883
0.1855170577764511
0.18901626765727997
0.19348448514938354
0.190024271607399
0.1776898354291916
0.1591961681842804
0.15730620920658112
0.15525048971176147
0.15379294753074646
0.15840014815330505
0.16511760652065277
0.17087402939796448
0.1822875589132309
0.17963139712810516
0.17287017405033112
0.172096386551857
0.17302058637142181
0.17038984596729279
0.18162988126277924
0.18818244338035583
0.19441623985767365
0.19187436997890472
0.19011466205120087
0.18966399133205414
0.19169890880584717
0.18522925674915314
0.1866903007030487
0.18241333961486816
0.17979350686073303
0.1833014041185379
0.18169786036014557
0.18931803107261658
0.19312892854213715
0.20905016362667084
0.21517819166183472
0.21284712851047516
0.21483807265758514
0.21308180689811707
0.21190501749515533
0.21332214772701263
0.20071500539779663
0.19425494968891144
0.18631942570209503
0.18095645308494568
0.17320874333381653
0.17236292362213135
0.17169561982154846
0.1668373942375183
0.17170660197734833
0.1724652796983719
0.17019902169704437
0.1608843207359314
0.15862016379833221
0.15868723392486572
0.16050133109092712
0.15258446335792542
0.1507912576198578
0.1537792682647705
0.1585410237312317
0.16775161027908325
0.16851454973220825
0.17052091658115387
0.16942526400089264
0.1639794409275055
0.16326776146888733
0.16772997379302979
0.16115902364253998
0.16460445523262024
0.1613176167011261
0.1449809968471527
0.14103718101978302
0.13954833149909973
0.1443677544593811
0.15564721822738647
0.16174852848052979
0.1629256010055542
0.17446574568748474
0.17089635133743286
0.1821887195110321
0.18813136219978333
0.18463437259197235
0.18686755001544952
0.1857365220785141
0.18601876497268677
0.18223629891872406
0.17525318264961243
0.17569731175899506
0.17918528616428375
0.183340921998024
0.18210932612419128
0.18591246008872986
0.17259037494659424
0.16705924272537231
0.1685875654220581
0.17415253818035126
0.17649725079536438
0.17536523938179016
0.17425674200057983
0.17434746026992798
0.18012206256389618
0.17896533012390137
0.17769533395767212
0.18172870576381683
0.19034302234649658
0.19512537121772766
0.19468137621879578
0.19371363520622253
0.19083186984062195
0.19231866300106049
0.19595225155353546
0.19776129722595215
0.19038723409175873
0.19846628606319427
0.2064305543899536
0.21164123713970184
0.21861416101455688
0.21166221797466278
0.21291163563728333
0.2162509262561798
0.20359747111797333
0.18859344720840454
0.17364460229873657
0.1649036854505539
0.17008040845394135
0.16828177869319916
0.171072855591774
0.1722937822341919
0.1728859692811966
0.18373283743858337
