-1.744939804
-1.752138615
-1.751395941
-1.744827271
-1.74173367
-1.747569561
-1.747832894
-1.742230892
-1.744852066
-1.750352383
-1.753984094
-1.751721144
-1.745990038
-1.732423663
-1.726175666
-1.728533149
-1.732998133
-1.73803556
-1.741133213
-1.738668799
-1.728524327
-1.72641623
-1.725781441
-1.726456165
-1.727761865
-1.729636431
-1.732442856
-1.731876016
-1.740623474
-1.743254662
-1.73326087
-1.73937273
-1.749189258
-1.754247069
-1.757673502
-1.75189805
-1.737805963
-1.725254297
-1.728381038
-1.723914862
-1.720944405
-1.720704556
-1.713254333
-1.712020755
-1.706953883
-1.708685279
-1.71808064
-1.724982977
-1.721369863
-1.723776937
-1.729741812
-1.742432952
-1.751388192
-1.752401352
-1.74579525
-1.742224097
-1.737810612
-1.733353853
-1.733466983
-1.735628963
-1.74388504
-1.744619489
-1.751341105
-1.765244246
-1.769723892
-1.764234543
-1.763131618
-1.762734652
-1.770815492
-1.777416825
-1.787532568
-1.784350514
-1.787921906
-1.790216327
-1.797148108
-1.798385262
-1.804654717
-1.80155468
-1.793609023
-1.782917261
-1.781635404
-1.787044406
-1.802019715
-1.815099597
-1.821780324
-1.821234584
-1.828821898
-1.843110442
-1.850420833
-1.847969055
-1.855012774
-1.86270082
-1.859240651
-1.852392912
-1.847427607
-1.853658438
-1.838846922
-1.831808567
-1.832019329
-1.836250782
-1.836046696
-1.828677654
-1.825811744
-1.829746723
-1.826310396
-1.839465857
-1.847133636
-1.850478053
-1.861826062
-1.856626987
-1.864756703
-1.868934274
-1.870749593
-1.87787354
-1.880894899
-1.871527433
-1.868555903
-1.862924099
-1.868029952
-1.871145368
-1.877534866
-1.869145036
-1.872244358
-1.867331266
-1.851539731
-1.841922402
-1.817020655
-1.80016613
-1.783165336
-1.764643908
-1.748155236
-1.732342124
-1.718977213
-1.724320889
-1.720939279
-1.720058322
-1.722022057
-1.725775003
-1.723084927
-1.713280797
-1.699319839
-1.691324949
-1.693775892
-1.679345727
-1.672876835
-1.67313838
-1.665514112
-1.662116885
-1.648566008
-1.630308032
-1.626888037
-1.610108852
-1.589706659
-1.576676846
-1.563972116
-1.552335382
-1.551353097
-1.55655849
-1.5602144
-1.557446957
-1.557592034
-1.55210948
-1.560922861
-1.557855606
-1.576143146
-1.597593307
-1.614881873
-1.623590112
-1.632884026
-1.655490279
-1.668836355
-1.680130839
-1.695313931
-1.714757204
-1.726638913
-1.728688002
-1.72958076
-1.721472859
-1.72034061
-1.709810019
-1.703673005
-1.702606559
-1.701936007
-1.700935125
-1.696968079
-1.691690564
-1.690644979
-1.69323349
-1.68682909
-1.68258059
-1.680247545
-1.677642703
-1.689599633
-1.7027179
-1.716374874
-1.736803889
-1.752092957
-1.757253647
-1.766036034
-1.769318581
-1.776999474
-1.79083097
-1.789727688
-1.790940404
-1.800120234
-1.8021487
-1.800942302
-1.792421937
-1.786573768
-1.787427664
-1.784605503
-1.785296202
-1.793438435
-1.808448792
-1.81620717
-1.819761157
-1.824123263
-1.830128312
-1.83777535
-1.844752908
-1.852818847
-1.858218431
-1.861530066
-1.868230581
-1.876058578
-1.880434513
-1.886278868
-1.892460346
-1.890144706
-1.881164193
-1.869759798
-1.86945951
-1.86664629
-1.862129927
-1.856614828
-1.85159874
-1.854528904
-1.858895183
-1.870736599
-1.866452575
-1.867694139
-1.868134379
-1.866704702
-1.876752019
-1.873586059
-1.867023587
-1.864394069
-1.867997289
-1.863972187
-1.862548709
-1.86878109
-1.866526246
-1.858997583
-1.856043816
-1.848352075
-1.840382457
-1.834148169
-1.82522881
-1.818953037
-1.795911074
-1.772611141
-1.774067402
-1.786360502
-1.787597537
-1.787476301
-1.78587091
-1.789631605
-1.784876347
-1.79100132
-1.79233408
-1.790113807
-1.790715575
-1.797507167
-1.806596279
-1.819245338
-1.834072232
-1.844431996
-1.851233363
-1.853705168
-1.8737607
-1.874722362
-1.871397972
-1.864886999
-1.866865516
-1.868311286
-1.856646895
-1.851577044
-1.852084398
-1.848973155
-1.841653824
-1.830462813
-1.823711991
-1.816601515
-1.810687661
-1.800548553
-1.786700249
-1.793781638
-1.797553062
-1.815685987
-1.833095551
-1.837130904
-1.855930328
-1.886080027
-1.907238245
-1.9219414
-1.938534975
-1.943591118
-1.937402248
-1.931935906
-1.928779006
-1.912044406
-1.901270151
-1.882461786
-1.872699976
-1.858345985
-1.853825569
-1.838305831
-1.826829672
-1.810841084
-1.799987674
-1.79103756
-1.776658297
-1.767365694
-1.761168599
-1.738829613
-1.74513483
-1.725959301
-1.720658779
-1.71311605
-1.704098821
-1.691738367
-1.68702054
-1.678911328
-1.667161107
-1.66757822
-1.664765477
-1.660454154
-1.653708458
-1.658392429
-1.662808776
-1.661613107
-1.662683725
-1.67046535
-1.673305154
-1.675807118
-1.672272325
-1.669151783
-1.679846764
-1.680215597
-1.6915555
-1.705587864
-1.725078106
-1.748421788
-1.768374801
-1.770835757
-1.769349098
-1.776581287
-1.775859475
-1.781029105
-1.77613008
-1.772164822
-1.771608233
-1.773579836
-1.780503988
-1.780312419
-1.776630163
-1.7738415
-1.773811698
-1.762476325
-1.748873591
-1.747495055
-1.763875246
-1.784252524
-1.791156769
-1.79626441
-1.797729135
-1.793076515
-1.799191475
-1.79443717
-1.788510203
-1.786186099
-1.791254759
-1.785525918
-1.784766674
-1.782989144
-1.787706017
-1.789610386
-1.784701824
-1.787795424
-1.790930867
-1.793488383
-1.789407015
-1.784950972
-1.780647039
-1.771550775
-1.773450732
-1.77608633
-1.771848679
-1.758878827
-1.747129679
-1.744744301
-1.751687288
-1.752732158
-1.745180488
-1.75159955
-1.76131773
-1.769813538
-1.769711494
-1.767630219
-1.750547528
-1.733065605
-1.726064682
-1.731041193
-1.738372445
-1.738143802
-1.73769176
-1.724265575
-1.713534713
-1.703444958
-1.703186393
-1.710550189
-1.716124058
-1.728457928
-1.722829342
-1.714215875
-1.708990455
-1.696753263
-1.693081379
-1.692158461
-1.694331288
-1.692179441
-1.693400025
-1.693031669
-1.693512082
-1.711826682
-1.722877026
-1.726911545
-1.729106784
-1.744766951
-1.760485411
-1.757158279
-1.76523304
-1.757661462
-1.751045465
-1.759322047
-1.76154542
-1.763652921
-1.771365047
-1.776472092
-1.785207391
-1.790320039
-1.789810896
-1.790930033
-1.791464567
-1.781690836
-1.777671337
-1.790700436
-1.797601223
-1.797178149
-1.803607702
-1.819634199
-1.825012445
-1.826023936
-1.832924843
-1.845957518
-1.845960975
-1.846811652
-1.837214231
-1.838455677
-1.827223897
-1.821359515
-1.823436022
-1.831528425
-1.825898767
-1.822294593
-1.808956623
-1.80145061
-1.790100455
-1.775534272
-1.758819342
-1.751380682
-1.758526444
-1.766612172
-1.764722347
-1.759258747
-1.749665022
-1.745152593
-1.735836148
-1.735165358
-1.731142521
-1.717080832
-1.696178317
-1.679864764
-1.673656464
-1.67400825
-1.670286655
-1.669604301
-1.66678524
-1.667372704
-1.669067502
-1.662931204
-1.667020798
-1.670752406
-1.676258326
-1.689337492
-1.699566603
-1.703323364
-1.707238913
-1.707678318
-1.695682049
-1.689242959
-1.678696632
-1.68549335
-1.694688559
-1.705610871
-1.717755675
-1.72409749
-1.726611972
-1.728347301
-1.725746155
-1.723221183
-1.722921968
-1.719877601
-1.728274941
-1.737911224
-1.74442637
-1.743406534
-1.741006374
-1.747072816
-1.744263053
-1.755165935
-1.756749988
-1.745874643
-1.743910313
-1.744601965
-1.74065578
-1.743397713
-1.756254315
-1.773698211
-1.789435983
-1.789598823
-1.790327311
-1.792823315
-1.793503761
-1.794018388
-1.78519249
-1.776177049
-1.76480782
-1.750303864
-1.739371657
-1.730175614
-1.726925969
-1.727727294
-1.7192837
-1.722288609
-1.719809055
-1.723448157
-1.72693646
-1.721719146
-1.715426207
-1.714990139
-1.703004718
-1.696480989
-1.69892478
-1.701815009
-1.705294251
-1.70385325
-1.711160541
-1.713433266
-1.719322085
-1.733731747
-1.724877596
-1.720018506
-1.722502112
-1.731611133
-1.738797307
-1.745052457
-1.740018129
-1.74004662
-1.732855797
-1.743133664
-1.746728063
-1.757292032
-1.757459283
-1.756747842
-1.753115058
-1.748438835
-1.742083192
-1.736441731
-1.737004995
-1.7563622
-1.770291686
-1.775153399
-1.781595707
-1.778359413
-1.768394947
-1.754298568
-1.751358509
-1.746638775
-1.743350983
-1.739735246
-1.735616207
-1.735017538
-1.739365101
-1.741961002
-1.744755149
-1.73573637
-1.740210772
-1.747600198
-1.745733619
-1.743927002
-1.743669391
-1.736393809
-1.725291848
-1.725066781
-1.727273464
-1.717948318
-1.722087979
-1.72401464
-1.714920759
-1.713817835
-1.709087253
-1.700409889
-1.689962149
-1.67843461
-1.67085886
-1.675153136
-1.678057194
-1.681499481
-1.673943281
-1.670368552
-1.670386672
-1.683040738
-1.687202215
-1.703696489
-1.70808351
-1.707616091
-1.711751223
-1.717080712
-1.713258028
-1.708027244
-1.700071216
-1.698909044
-1.701919436
-1.69786787
-1.70084548
-1.708070517
-1.716000557
-1.719332218
-1.724096537
-1.732231498
-1.742724299
-1.742248654
-1.733300447
-1.725368857
-1.713603497
-1.714404702
-1.70360136
-1.700327277
-1.695498347
-1.690472603
-1.689290881
-1.684868574
-1.670246005
-1.66046989
-1.660463452
-1.650769114
-1.643896222
-1.624121785
-1.608351469
-1.734478593
-1.770999908
-1.773069143
-1.762245297
-1.747158051
-1.727433681
-1.706920743
-1.677715778
-1.655500054
-1.636373162
-1.636375427
-1.630947709
-1.629404068
-1.612063408
-1.621063948
-1.622156739
-1.624232292
-1.627562046
-1.622850418
-1.613898277
-1.599673867
-1.570602417
-1.555579185
-1.541983247
-1.526694655
-1.524946332
-1.527955532
-1.537468553
-1.540605426
-1.546472907
-1.54370153
-1.541293025
-1.553584576
-1.551738024
-1.544026256
-1.544859648
-1.547415733
-1.547748446
-1.532201648
-1.534211755
-1.539856315
-1.551030636
-1.561390758
-1.557038546
-1.546685457
-1.550853372
-1.551476955
-1.546328425
-1.549761295
-1.552737832
-1.544104934
-1.535103798
-1.531336665
-1.540492296
-1.546851635
-1.555027604
-1.560095906
-1.575307846
-1.579322219
-1.579295993
-1.583170414
-1.599257469
-1.609300017
-1.610846519
-1.609361768
-1.607195139
-1.61211586
-1.618614793
-1.619773388
-1.611111283
-1.608209014
-1.609885931
-1.598883152
-1.597401261
-1.594750881
-1.588552356
-1.590759158
-1.590718865
-1.588127255
-1.579998136
-1.572856426
-1.549113035
-1.542773843
-1.547844529
-1.554607034
-1.548040628
-1.540332675
-1.534207702
-1.534706116
-1.537685037
-1.53437984
-1.531986356
-1.524249434
-1.520044327
-1.523728251
-1.516873598
-1.520533562
-1.526893377
-1.527969003
-1.533032417
-1.535685897
-1.542767763
-1.541642189
-1.542119026
-1.536230087
-1.53376317
-1.541500568
-1.546409965
-1.544642687
-1.540095448
-1.549791694
-1.546128631
-1.540669799
-1.543997169
-1.546446443
-1.555325389
-1.562299371
-1.560994029
-1.568307996
-1.573324203
-1.585951924
-1.593679905
-1.61076808
-1.615751863
-1.620176911
-1.612370372
-1.603345394
-1.607504964
-1.603460312
-1.597253323
-1.585799456
-1.583987355
-1.575850844
-1.577576756
-1.581392765
-1.579727411
-1.581397772
-1.588589072
-1.595219135
-1.603642464
-1.608220339
-1.61929667
-1.621690989
-1.627496958
-1.632052183
-1.63858223
-1.645235777
-1.650227666
-1.647333026
-1.646814227
-1.644815207
-1.660104036
-1.668968678
-1.678242326
-1.687367797
-1.689095736
-1.698438168
-1.705449104
-1.708274961
-1.720283866
-1.721668601
-1.718351007
-1.713450313
-1.696945071
-1.68677032
-1.691026449
-1.693611979
-1.706782222
-1.723009109
-1.71461916
-1.714748502
-1.711504698
-1.708066106
-1.708542228
-1.710870028
-1.717191815
-1.70892632
-1.695999622
-1.689739943
-1.690487504
-1.687999368
-1.678375959
-1.674021006
-1.666944265
-1.665646076
-1.658625007
-1.653688073
-1.634588242
-1.630252004
-1.631391287
-1.641132236
-1.642795563
-1.644586682
-1.647848129
-1.647772193
-1.653314352
-1.661315918
-1.661853194
-1.660962582
-1.668014407
-1.679491639
-1.687814116
-1.685247183
-1.694570065
-1.710885882
-1.719445825
-1.731804729
-1.731580973
-1.733386755
-1.744978547
-1.743302703
-1.745885611
-1.735093236
-1.730970144
-1.731689095
-1.724876642
-1.71251595
-1.710187674
-1.697908998
-1.687372208
-1.681788802
-1.697452784
-1.692890286
-1.682392359
-1.694457889
-1.70025897
-1.716561317
-1.719809413
-1.730628848
-1.735659957
-1.751826167
-1.754945278
-1.765619159
-1.77102077
-1.779079914
-1.78207016
-1.782129526
-1.781463861
-1.77041626
-1.762399316
-1.75008893
-1.735093713
-1.737058043
-1.7395612
-1.746045351
-1.742322683
-1.738984585
-1.733123779
-1.730208158
-1.727451563
-1.728417754
-1.7199471
-1.711826205
-1.703770399
-1.700167894
-1.687434435
-1.680050492
-1.673296571
-1.676102877
-1.698123455
-1.709845662
-1.708441138
-1.709097266
-1.715038776
-1.712240934
-1.706726909
-1.687290788
-1.676408529
-1.665116906
-1.658478022
-1.652482867
-1.660044551
-1.648982048
-1.639811993
-1.648759007
-1.661999941
-1.669182301
-1.674432993
-1.685635567
-1.704847336
-1.720736623
-1.724057317
-1.719002485
-1.71814537
-1.719340444
-1.728006959
-1.730837941
-1.726709366
-1.718901753
-1.720811844
-1.727175117
-1.720523
-1.702326536
-1.676323414
-1.651442885
-1.636281967
-1.617023826
-1.602354407
-1.5912534
-1.582923055
-1.586202145
-1.585648775
-1.583978057
-1.577893257
-1.58244884
-1.594894886
-1.605948329
-1.63550508
-1.655765772
-1.660896063
-1.658559084
-1.660512328
-1.664027214
-1.666407824
-1.665672898
-1.657407403
-1.652575016
-1.643589139
-1.638491988
-1.632423639
-1.636316895
-1.631821394
-1.628470302
-1.625941753
-1.645423055
-1.662166595
-1.66132319
-1.656751156
-1.641350031
-1.633678198
-1.61629653
-1.618458509
-1.642445087
-1.665260553
-1.680426478
-1.687340021
-1.69749248
-1.696701288
-1.68503952
-1.667866349
-1.657763243
-1.665280104
-1.676690102
-1.680907726
-1.674826026
-1.678070307
-1.67516613
-1.666359663
-1.653552651
-1.648838401
-1.644731998
-1.636516213
-1.630004406
-1.628709078
-1.633223534
-1.635031939
-1.624688268
-1.616264105
-1.607799172
-1.595211864
-1.585119963
-1.578371406
-1.578327298
-1.568381667
-1.574390292
-1.586841583
-1.596495152
-1.601237655
-1.605389357
-1.603533506
-1.621667624
-1.628316998
-1.628004074
-1.609510541
-1.596360087
-1.601754069
-1.61202395
-1.617476821
-1.62274313
-1.630076647
-1.634683013
-1.640004158
-1.645990968
-1.653260112
-1.661045074
-1.664219618
-1.660208344
-1.659509778
-1.65138793
-1.64107132
-1.64181459
-1.655801654
-1.663540483
-1.675431013
-1.684277773
-1.685072541
-1.684572935
-1.682664394
-1.687618732
-1.689236164
-1.672072887
-1.664201021
-1.647662401
-1.637818694
-1.634354949
-1.634113431
-1.645020962
-1.650451183
-1.653668404
-1.650338173
-1.654960036
-1.647901177
-1.63700366
-1.628760934
-1.633410692
-1.639646411
-1.643783808
-1.642561316
-1.650401473
-1.654651523
-1.654431224
-1.653548479
-1.643688202
-1.635343671
-1.639967799
-1.642608523
-1.647977352
-1.654804111
-1.656906247
-1.650256515
-1.639697909
-1.632523537
-1.613499284
-1.605097294
-1.597760439
-1.598159075
-1.601480842
-1.590452075
-1.582674384
-1.58733952
-1.581462502
-1.571334481
-1.561711431
-1.555965781
-1.55496645
-1.554628253
-1.550463438
-1.549779654
-1.55155623
-1.558021665
-1.572832465
-1.587037563
-1.595853567
-1.61043644
-1.613941312
-1.601680994
-1.587886691