0
0.08623749556
0.1724749911
0.2587124867
0.3449499822
0.4311874778
0.5174249734
0.6036624689
0.6898999645
0.77613746
0.8623749556
0.9486124512
1.034849947
1.121087442
1.207324938
1.293562433
1.379799929
1.466037425
1.55227492
1.638512416
1.724749911
1.810987407
1.897224902
1.983462398
2.069699893
2.155937389
2.242174885
2.32841238
2.414649876
2.500887371
2.587124867
2.673362362
2.759599858
2.845837353
2.932074849
3.018312345
3.10454984
3.190787336
3.277024831
3.363262327
3.449499822
3.535737318
3.621974813
3.708212309
3.794449805
3.8806873
3.966924796
4.053162291
4.139399787
4.225637282
4.311874778
4.398112274
4.484349769
4.570587265
4.65682476
4.743062256
4.829299751
4.915537247
5.001774742
5.088012238
5.174249734
5.260487229
5.346724725
5.43296222
5.519199716
5.605437211
5.691674707
5.777912202
5.864149698
5.950387194
6.036624689
6.122862185
6.20909968
6.295337176
6.381574671
6.467812167
6.554049663
6.640287158
6.726524654
6.812762149
6.898999645
6.98523714
7.071474636
7.157712131
7.243949627
7.330187123
7.416424618
7.502662114
7.588899609
7.675137105
7.7613746
7.847612096
7.933849591
8.020087087
8.106324583
8.192562078
8.278799574
8.365037069
8.451274565
8.53751206
8.623749556
8.709987052
8.796224547
8.882462043
8.968699538
9.054937034
9.141174529
9.227412025
9.31364952
9.399887016
9.486124512
9.572362007
9.658599503
9.744836998
9.831074494
9.917311989
10.00354948
10.08978698
10.17602448
10.26226197
10.34849947
10.43473696
10.52097446
10.60721195
10.69344945
10.77968694
10.86592444
10.95216194
11.03839943
11.12463693
11.21087442
11.29711192
11.38334941
11.46958691
11.5558244
11.6420619
11.7282994
11.81453689
11.90077439
11.98701188
12.07324938
12.15948687
12.24572437
12.33196187
12.41819936
12.50443686
12.59067435
12.67691185
12.76314934
12.84938684
12.93562433
13.02186183
13.10809933
13.19433682
13.28057432
13.36681181
13.45304931
13.5392868
13.6255243
13.71176179
13.79799929
13.88423679
13.97047428
14.05671178
14.14294927
14.22918677
14.31542426
14.40166176
14.48789925
14.57413675
14.66037425
14.74661174
14.83284924
14.91908673
15.00532423
15.09156172
15.17779922
15.26403671
15.35027421
15.43651171
15.5227492
15.6089867
15.69522419
15.78146169
15.86769918
15.95393668
16.04017417
16.12641167
16.21264917
16.29888666
16.38512416
16.47136165
16.55759915
16.64383664
16.73007414
16.81631163
16.90254913
16.98878663
17.07502412
17.16126162
17.24749911
17.33373661
17.4199741
17.5062116
17.59244909
17.67868659
17.76492409
17.85116158
17.93739908
18.02363657
18.10987407
18.19611156
18.28234906
18.36858655
18.45482405
18.54106155
18.62729904
18.71353654
18.79977403
18.88601153
18.97224902
19.05848652
19.14472401
19.23096151
19.31719901
19.4034365
19.489674
19.57591149
19.66214899
19.74838648
19.83462398
19.92086147
20.00709897
20.09333647
20.17957396
20.26581146
20.35204895
20.43828645
20.52452394
20.61076144
20.69699893
20.78323643
20.86947393
20.95571142
21.04194892
21.12818641
21.21442391
21.3006614
21.3868989
21.47313639
21.55937389
21.64561139
21.73184888
21.81808638
21.90432387
21.99056137
22.07679886
22.16303636
22.24927385
22.33551135
22.42174885
22.50798634
22.59422384
22.68046133
22.76669883
22.85293632
22.93917382
23.02541131
23.11164881
23.19788631
23.2841238
23.3703613
23.45659879
23.54283629
23.62907378
23.71531128
23.80154877
23.88778627
23.97402377
24.06026126
24.14649876
24.23273625
24.31897375
24.40521124
24.49144874
24.57768623
24.66392373
24.75016123
24.83639872
24.92263622
25.00887371
25.09511121
25.1813487
25.2675862
25.35382369
25.44006119
25.52629869
25.61253618
25.69877368
25.78501117
25.87124867
25.95748616
26.04372366
26.12996115
26.21619865
26.30243615
26.38867364
26.47491114
26.56114863
26.64738613
26.73362362
26.81986112
26.90609861
26.99233611
27.07857361
27.1648111
27.2510486
27.33728609
27.42352359
27.50976108
27.59599858
27.68223607
27.76847357
27.85471107
27.94094856
28.02718606
28.11342355
28.19966105
28.28589854
28.37213604
28.45837353
28.54461103
28.63084853
28.71708602
28.80332352
28.88956101
28.97579851
29.062036
29.1482735
29.23451099
29.32074849
29.40698599
29.49322348
29.57946098
29.66569847
29.75193597
29.83817346
29.92441096
30.01064845
30.09688595
30.18312345
30.26936094
30.35559844
30.44183593
30.52807343
30.61431092
30.70054842
30.78678591
30.87302341
30.95926091
31.0454984
31.1317359
31.21797339
31.30421089
31.39044838
31.47668588
31.56292337
31.64916087
31.73539837
31.82163586
31.90787336
31.99411085
32.08034835
32.16658584
32.25282334
32.33906083
32.42529833
32.51153583
32.59777332
32.68401082
32.77024831
32.85648581
32.9427233
33.0289608
33.11519829
33.20143579
33.28767329
33.37391078
33.46014828
33.54638577
33.63262327
33.71886076
33.80509826
33.89133575
33.97757325
34.06381075
34.15004824
34.23628574
34.32252323
34.40876073
34.49499822
34.58123572
34.66747321
34.75371071
34.83994821
34.9261857
35.0124232
35.09866069
35.18489819
35.27113568
35.35737318
35.44361067
35.52984817
35.61608567
35.70232316
35.78856066
35.87479815
35.96103565
36.04727314
36.13351064
36.21974813
36.30598563
36.39222313
36.47846062
36.56469812
36.65093561
36.73717311
36.8234106
36.9096481
36.9958856
37.08212309
37.16836059
37.25459808
37.34083558
37.42707307
37.51331057
37.59954806
37.68578556
37.77202306
37.85826055
37.94449805
38.03073554
38.11697304
38.20321053
38.28944803
38.37568552
38.46192302
38.54816052
38.63439801
38.72063551
38.806873
38.8931105
38.97934799
39.06558549
39.15182298
39.23806048
39.32429798
39.41053547
39.49677297
39.58301046
39.66924796
39.75548545
39.84172295
39.92796044
40.01419794
40.10043544
40.18667293
40.27291043
40.35914792
40.44538542
40.53162291
40.61786041
40.7040979
40.7903354
40.8765729
40.96281039
41.04904789
41.13528538
41.22152288
41.30776037
41.39399787
41.48023536
41.56647286
41.65271036
41.73894785
41.82518535
41.91142284
41.99766034
42.08389783
42.17013533
42.25637282
42.34261032
42.42884782
42.51508531
42.60132281
42.6875603
42.7737978
42.86003529
42.94627279
43.03251028
43.11874778
43.20498528
43.29122277
43.37746027
43.46369776
43.54993526
43.63617275
43.72241025
43.80864774
43.89488524
43.98112274
44.06736023
44.15359773
44.23983522
44.32607272
44.41231021
44.49854771
44.5847852
44.6710227
44.7572602
44.84349769
44.92973519
45.01597268
45.10221018
45.18844767
45.27468517
45.36092266
45.44716016
45.53339766
45.61963515
45.70587265
45.79211014
45.87834764
45.96458513
46.05082263
46.13706012
46.22329762
46.30953512
46.39577261
46.48201011
46.5682476
46.6544851
46.74072259
46.82696009
46.91319758
46.99943508
47.08567258
47.17191007
47.25814757
47.34438506
47.43062256
47.51686005
47.60309755
47.68933504
47.77557254
47.86181004
47.94804753
48.03428503
48.12052252
48.20676002
48.29299751
48.37923501
48.4654725
48.55171
48.6379475
48.72418499
48.81042249
48.89665998
48.98289748
49.06913497
49.15537247
49.24160996
49.32784746
49.41408496
49.50032245
49.58655995
49.67279744
49.75903494
49.84527243
49.93150993
50.01774742
50.10398492
50.19022242
50.27645991
50.36269741
50.4489349
50.5351724
50.62140989
50.70764739
50.79388488
50.88012238
50.96635988
51.05259737
51.13883487
51.22507236
51.31130986
51.39754735
51.48378485
51.57002234
51.65625984
51.74249734
51.82873483
51.91497233
52.00120982
52.08744732
52.17368481
52.25992231
52.3461598
52.4323973
52.5186348
52.60487229
52.69110979
52.77734728
52.86358478
52.94982227
53.03605977
53.12229726
53.20853476
53.29477226
53.38100975
53.46724725
53.55348474
53.63972224
53.72595973
53.81219723
53.89843472
53.98467222
54.07090972
54.15714721
54.24338471
54.3296222
54.4158597
54.50209719
54.58833469
54.67457218
54.76080968
54.84704718
54.93328467
55.01952217
55.10575966
55.19199716
55.27823465
55.36447215
55.45070964
55.53694714
55.62318464
55.70942213
55.79565963
55.88189712
55.96813462
56.05437211
56.14060961
56.2268471
56.3130846
56.3993221
56.48555959
56.57179709
56.65803458
56.74427208
56.83050957
56.91674707
57.00298456
57.08922206
57.17545956
57.26169705
57.34793455
57.43417204
57.52040954
57.60664703
57.69288453
57.77912202
57.86535952
57.95159702
58.03783451
58.12407201
58.2103095
58.296547
58.38278449
58.46902199
58.55525948
58.64149698
58.72773448
58.81397197
58.90020947
58.98644696
59.07268446
59.15892195
59.24515945
59.33139694
59.41763444
59.50387194
59.59010943
59.67634693
59.76258442
59.84882192
59.93505941
60.02129691
60.1075344
60.1937719
60.2800094
60.36624689
60.45248439
60.53872188
60.62495938
60.71119687
60.79743437
60.88367187
60.96990936
61.05614686
61.14238435
61.22862185
61.31485934
61.40109684
61.48733433
61.57357183
61.65980933
61.74604682
61.83228432
61.91852181
62.00475931
62.0909968
62.1772343
62.26347179
62.34970929
62.43594679
62.52218428
62.60842178
62.69465927
62.78089677
62.86713426
62.95337176
63.03960925
63.12584675
63.21208425
63.29832174
63.38455924
63.47079673
63.55703423
63.64327172
63.72950922
63.81574671
63.90198421
63.98822171
64.0744592
64.1606967
64.24693419
64.33317169
64.41940918
64.50564668
64.59188417
64.67812167
64.76435917
64.85059666
64.93683416
65.02307165
65.10930915
65.19554664
65.28178414
65.36802163
65.45425913
65.54049663
65.62673412
65.71297162
65.79920911
65.88544661
65.9716841
66.0579216
66.14415909
66.23039659
66.31663409
66.40287158
66.48910908
66.57534657
66.66158407
66.74782156
66.83405906
66.92029655
67.00653405
67.09277155
67.17900904
67.26524654
67.35148403
67.43772153
67.52395902
67.61019652
67.69643401
67.78267151
67.86890901
67.9551465
68.041384
68.12762149
68.21385899
68.30009648
68.38633398
68.47257147
68.55880897
68.64504647
68.73128396
68.81752146
68.90375895
68.98999645
69.07623394
69.16247144
69.24870893
69.33494643
69.42118393
69.50742142
69.59365892
69.67989641
69.76613391
69.8523714
69.9386089
70.02484639
70.11108389
70.19732139
70.28355888
70.36979638
70.45603387
70.54227137
70.62850886
70.71474636
70.80098385
70.88722135
70.97345885
71.05969634
71.14593384
71.23217133
71.31840883
71.40464632
71.49088382
71.57712131
71.66335881
71.74959631
71.8358338
71.9220713
72.00830879
72.09454629
72.18078378
72.26702128
72.35325877
72.43949627
72.52573377
72.61197126
72.69820876
72.78444625
72.87068375
72.95692124
73.04315874
73.12939623
73.21563373
73.30187123
73.38810872
73.47434622
73.56058371
73.64682121
73.7330587
73.8192962
73.90553369
73.99177119
74.07800869
74.16424618
74.25048368
74.33672117
74.42295867
74.50919616
74.59543366
74.68167115
74.76790865
74.85414615
74.94038364
75.02662114
75.11285863
75.19909613
75.28533362
75.37157112
75.45780861
75.54404611
75.63028361
75.7165211
75.8027586
75.88899609
75.97523359
76.06147108
76.14770858
76.23394607
76.32018357
76.40642107
76.49265856
76.57889606
76.66513355
76.75137105
76.83760854
76.92384604
77.01008353
77.09632103
77.18255853
77.26879602
77.35503352
77.44127101
77.52750851
77.613746
77.6999835
77.78622099
77.87245849
77.95869599
78.04493348
78.13117098
78.21740847
78.30364597
78.38988346
78.47612096
78.56235845
78.64859595
78.73483345
78.82107094
78.90730844
78.99354593
79.07978343
79.16602092
79.25225842
79.33849591
79.42473341
79.51097091
79.5972084
79.6834459
79.76968339
79.85592089
79.94215838
80.02839588
80.11463337
80.20087087
80.28710837
80.37334586
80.45958336
80.54582085
80.63205835
80.71829584
80.80453334
80.89077083
80.97700833
81.06324583
81.14948332
81.23572082
81.32195831
81.40819581
81.4944333
81.5806708
81.66690829
81.75314579
81.83938329
81.92562078
82.01185828
82.09809577
82.18433327
82.27057076
82.35680826
82.44304575
82.52928325
82.61552075
82.70175824
82.78799574
82.87423323
82.96047073
83.04670822
83.13294572
83.21918321
83.30542071
83.39165821
83.4778957
83.5641332
83.65037069
83.73660819
83.82284568
83.90908318
83.99532067
84.08155817
84.16779567
84.25403316
84.34027066
84.42650815
84.51274565
84.59898314
84.68522064
84.77145813
84.85769563
84.94393313
85.03017062
85.11640812
85.20264561
85.28888311
85.3751206
85.4613581
85.5475956
85.63383309
85.72007059
85.80630808
85.89254558
85.97878307
86.06502057
86.15125806
86.23749556
86.32373306
86.40997055
86.49620805
86.58244554
86.66868304
86.75492053
86.84115803
86.92739552
87.01363302
87.09987052
87.18610801
87.27234551
87.358583
87.4448205
87.53105799
87.61729549
87.70353298
87.78977048
87.87600798
87.96224547
88.04848297
88.13472046
88.22095796
88.30719545
88.39343295
88.47967044
88.56590794
88.65214544
88.73838293
88.82462043
88.91085792
88.99709542
89.08333291
89.16957041
89.2558079
89.3420454
89.4282829
89.51452039
89.60075789
89.68699538
89.77323288
89.85947037
89.94570787
90.03194536
90.11818286
90.20442036
90.29065785
90.37689535
90.46313284
90.54937034
90.63560783
90.72184533
90.80808282
90.89432032
90.98055782
91.06679531
91.15303281
91.2392703
91.3255078
91.41174529
91.49798279
91.58422028
91.67045778
91.75669528
91.84293277
91.92917027
92.01540776
92.10164526
92.18788275
92.27412025
92.36035774
92.44659524
92.53283274
92.61907023
92.70530773
92.79154522
92.87778272
92.96402021
93.05025771
93.1364952
93.2227327
93.3089702
93.39520769
93.48144519
93.56768268
93.65392018
93.74015767
93.82639517
93.91263266
93.99887016
94.08510766
94.17134515
94.25758265
94.34382014
94.43005764
94.51629513
94.60253263
94.68877012
94.77500762
94.86124512
94.94748261
95.03372011
95.1199576
95.2061951
95.29243259
95.37867009
95.46490758
95.55114508
95.63738258
95.72362007
95.80985757
95.89609506
95.98233256
96.06857005
96.15480755
96.24104504
96.32728254
96.41352004
96.49975753
96.58599503
96.67223252
96.75847002
96.84470751
96.93094501
97.0171825
97.10342