1.666302443
1.650656223
1.644683957
1.653965235
1.667496324
1.659554243
1.654946804
1.653842807
1.647407413
1.640053749
1.639364958
1.65071106
1.660535097
1.657530189
1.669876695
1.663144112
1.649381638
1.649770021
1.658028364
1.66246295
1.66374898
1.664212346
1.669806361
1.670983911
1.665718317
1.665946603
1.669426203
1.671578884
1.669409871
1.671190977
1.665872216
1.666358709
1.667911291
1.665222287
1.663529515
1.662050009
1.68655622
1.698514938
1.702052116
1.6999861
1.698629022
1.697179437
1.70786202
1.711147547
1.713366151
1.715968132
1.716307163
1.708477974
1.714494228
1.707426071
1.690338254
1.672913551
1.675669432
1.686762333
1.695602059
1.70466423
1.7130723
1.718124032
1.716284037
1.716140389
1.719512582
1.721356392
1.717258811
1.701166868
1.694695473
1.693212867
1.690652966
1.691530585
1.693471313
1.687631726
1.687606812
1.681888819
1.677390814
1.674647331
1.663111687
1.660270452
1.664966106
1.664407372
1.668709993
1.677835822
1.676235795
1.667403698
1.667892694
1.665749907
1.663998842
1.653902054
1.657602668
1.653155327
1.649981976
1.648183465
1.643579245
1.646989346
1.64033401
1.653506041
1.656451821
1.645509481
1.654075623
1.662879825
1.659825802
1.667228937
1.661681414
1.668610692
1.678633332
1.678817749
1.673279643
1.674927711
1.674698353
1.674152255
1.658806682
1.654793024
1.653484583
1.651730776
1.64686811
1.641534448
1.651922941
1.666056752
1.662715554
1.663597107
1.657624364
1.650086045
1.652958155
1.661563396
1.657587767
1.654196858
1.674642324
1.68805933
1.6981709
1.7171731
1.728625059
1.737764835
1.746960044
1.758005738
1.771099687
1.776637197
1.784921885
1.787691355
1.791001678
1.78490901
1.77933991
1.77673471
1.790103555
1.789692521
1.799353004
1.817543268
1.83225286
1.833531618
1.842799306
1.854550004
1.858713031
1.864966393
1.865014791
1.867409587
1.867615581
1.877206206
1.883961201
1.896307945
1.907298326
1.914439797
1.924905062
1.926431656
1.930140257
1.936809063
1.927253842
1.929503322
1.917857528
1.922740936
1.915089488
1.905874491
1.891967893
1.876048565
1.869166374
1.860931158
1.853814006
1.83641398
1.826099396
1.815498948
1.807195187
1.803334236
1.805419207
1.806408525
1.805332184
1.809120893
1.816154957
1.829541087
1.828256011
1.829607129
1.831007242
1.819976449
1.818371177
1.822172046
1.812891483
1.805744171
1.802316308
1.79554987
1.783726454
1.774117947
1.759220958
1.751311779
1.747823358
1.748493671
1.740337014
1.733292937
1.728240967
1.733861685
1.744820714
1.74864912
1.749368191
1.7459234
1.756633162
1.767633796
1.776828408
1.777471423
1.768817902
1.754210591
1.75095439
1.748099685
1.729750276
1.713315606
1.704967499
1.692551374
1.691451669
1.691375971
1.704494238
1.705341816
1.702684879
1.690387368
1.684834599
1.688940287
1.689927936
1.693591475
1.697066307
1.688930392
1.692726612
1.694135547
1.703696847
1.702787519
1.702853322
1.690689683
1.683413148
1.682692409
1.681166887
1.6787076
1.674739242
1.674916625
1.676106453
1.677766323
1.676596284
1.678745031
1.677886486
1.675516248
1.680582762
1.690639496
1.690269232
1.691152573
1.6997118
1.708425522
1.722729206
1.734091997
1.745055795
1.766034961
1.792954803
1.801105618
1.781023026
1.768889308
1.770200729
1.769422412
1.762869835
1.767479539
1.76844883
1.763293862
1.757165909
1.754834771
1.754621506
1.752517819
1.750317335
1.736156344
1.722241521
1.720910549
1.724005342
1.714999557
1.705469131
1.693286896
1.689464569
1.692139864
1.691742897
1.690407395
1.684219122
1.692719936
1.707793713
1.70995903
1.720615029
1.735019684
1.735702872
1.72831285
1.735555768
1.734820485
1.739223242
1.748129845
1.755517244
1.752995253
1.74153173
1.721531034
1.696127892
1.667984009
1.637965679
1.626900077
1.620057464
1.602015376
1.601174355
1.618765473
1.625111103
1.640812039
1.655012608
1.663129807
1.669485331
1.669744849
1.670884967
1.679408193
1.689652801
1.708995104
1.725001574
1.738676429
1.759654045
1.7659024
1.788442373
1.795189619
1.812326193
1.815816045
1.822333932
1.822612286
1.828359962
1.846282363
1.85271275
1.855998278
1.856331825
1.853070974
1.864200354
1.869492292
1.865141749
1.861082435
1.858590245
1.856237888
1.856433749
1.850521445
1.863343
1.866242647
1.859414697
1.859015584
1.854365349
1.850122213
1.836827517
1.811282516
1.788340211
1.763534307
1.757869959
1.744547606
1.751666546
1.744346857
1.752599478
1.742241383
1.75683248
1.764178991
1.760154128
1.747716308
1.754299402
1.764288664
1.768604994
1.760958314
1.759572744
1.75757277
1.755705714
1.753477335
1.749237299
1.753961444
1.753264666
1.759114861
1.764893532
1.768179178
1.778559089
1.786662102
1.776861787
1.772581577
1.768609047
1.772989988
1.760576129
1.75492835
1.74896729
1.753466487
1.753772497
1.744505167
1.7404778
1.74332428
1.75302887
1.752508879
1.747047544
1.765409946
1.766009092
1.76552248
1.775223613
1.787384272
1.794286251
1.797268748
1.801745415
1.803057909
1.80438602
1.795892596
1.799559712
1.796045184
1.800308466
1.803534865
1.815423012
1.80842185
1.806432486
1.79774034
1.804445386
1.808249354
1.811800241
1.82116437
1.84185636
1.832073212
1.83455658
1.823192239
1.820584297
1.816033006
1.818713546
1.817139387
1.815668464
1.811519623
1.811270118
1.808811426
1.809849262
1.818911433
1.817001939
1.817445517
1.812014341
1.801495433
1.782357931
1.77427268
1.758339405
1.757723927
1.772498846
1.789716244
1.798792005
1.780420661
1.754376888
1.753239036
1.743388772
1.740048647
1.738073826
1.723296642
1.73175633
1.7348423
1.747515678
1.760092139
1.753569484
1.742658734
1.739672899
1.73722887
1.733252883
1.734791398
1.728992224
1.72723639
1.7239995
1.72108531
1.72434175
1.71540463
1.700674534
1.690964818
1.690227866
1.702202439
1.701750875
1.686504126
1.693502426
1.705771923
1.721452832
1.727862597
1.748642564
1.762313843
1.773160815
1.77640903
1.772228956
1.771615982
1.779642105
1.774922252
1.785093784
1.785494685
1.783746481
1.779708385
1.797859907
1.824501872
1.849975824
1.865859985
1.865978956
1.871135235
1.874107122
1.870877385
1.861213088
1.858042955
1.865685105
1.871577263
1.866091371
1.868559837
1.859783411
1.847484589
1.827497482
1.823383689
1.823644161
1.820487499
1.828247309
1.841917038
1.858431816
1.872086644
1.86121273
1.84404099
1.844442606
1.849346161
1.836346745
1.82237649
1.821551681
1.835985899
1.836727738
1.826620221
1.830025911
1.820436597
1.815010071
1.812820435
1.802869797
1.798367977
1.804227591
1.802534699
1.810863256
1.809391022
1.7975986
1.79100287
1.806065202
1.804242611
1.810201049
1.800948858
1.775956869
1.751397491
1.753222942
1.760767221
1.758620262
1.756279469
1.767248631
1.765009761
1.772764683
1.788343072
1.801537275
1.803516269
1.801905155
1.801942587
1.811612368
1.822810173
1.821087122
1.827418447
1.834344268
1.83853507
1.840066195
1.847328782
1.862324595
1.855146408
1.849816442
1.844994187
1.850084186
1.863813877
1.856149197
1.851489663
1.854405165
1.847391725
1.84723568
1.853662014
1.847812653
1.832699299
1.828850865
1.813821554
1.820024014
1.823275208
1.837024808
1.831278324
1.836198211
1.835705876
1.824865222
1.832467198
1.827155352
1.823025465
1.831906557
1.837863684
1.833361149
1.825488329
1.811212301
1.814422131
1.819646955
1.817121983
1.819970131
1.832434535
1.835435987
1.832306981
1.829228282
1.845577002
1.845964432
1.860237598
1.863785625
1.860794902
1.857855678
1.864703894
1.870604277
1.858299971
1.8411268
1.841566563
1.85348165
1.859344602
1.863047957
1.855465889
1.867332935
1.872300267
1.869583607
1.886800647
1.907866478
1.91428709
1.911846042
1.912988663
1.916969657
1.935914397
1.947022796
1.937645793
1.933177352
1.936390877
1.931498051
1.932564497
1.938647151
1.931208372
1.916641235
1.915668726
1.905455709
1.901245236
1.907085776
1.931667089
1.920200229
1.930964589
1.921015143
1.925179839
1.916846991
1.929002762
1.930659771
1.927576065
1.925033569
1.915962815
1.904460907
1.89645803
1.911438942
1.92523241
1.918264747
1.922720909
1.932577491
1.938227057
1.947542906
1.942030787
1.939136505
1.950615644
1.949996352
1.96186018
1.974894762
1.981536269
1.977386832
1.979297876
1.986509919
2.017780066
2.037703514
2.047360897
1.930621982
1.877104759
1.864793301
1.887485147
1.908596396
1.934935212
1.969430208
1.981875658
1.982010245
1.998438597
2.015828848
2.026808262
2.036277533
2.04666853
2.045503616
2.039481878
2.038235664
2.044743538
2.057733297
2.064152479
2.070928335
2.075456619
2.089612722
2.098273039
2.113672733
2.119602442
2.114462376
2.107285738
2.102306366
2.123866081
2.125432253
2.120604277
2.110650778
2.103541613
2.109181643
2.107716084
2.111841679
2.135352612
2.147036314
2.147953987
2.148683786
2.120230913
2.099030972
2.117285252
2.116046667
2.104021311
2.105732679
2.124724865
2.130298615
2.127220869
2.136722565
2.137725353
2.141558647
2.140069962
2.125545025
2.112516165
2.113929987
2.111693144
2.124145985
2.117186069
2.111628532
2.103963852
2.097913027
2.092457533
2.100146532
2.098654985
2.097677469
2.092068434
2.108911753
2.116764069
2.097414017
2.094386816
2.096647024
2.106760979
2.126370192
2.131012678
2.126828909
2.123482943
2.135380745
2.12437439
2.124000788
2.122761011
2.13926506
2.136833191
2.139521599
2.142438412
2.140974522
2.14826107
2.160754204
2.164455891
2.164240837
2.166518211
2.179283857
2.174748182
2.182598352
2.192129612
2.196798325
2.205357075
2.199890137
2.205534458
2.196161747
2.199165106
2.187232733
2.179619551
2.183393717
2.183374882
2.17717123
2.184400082
2.188944578
2.191092968
2.182082653
2.18469739
2.184635401
2.179932117
2.190681696
2.178813696
2.177945375
2.172531843
2.173023939
2.178549528
2.162314415
2.142676592
2.133235216
2.128242731
2.134124279
2.147839785
2.154428959
2.164236784
2.172075987
2.175246716
2.18634367
2.185361862
2.195316315
2.196208954
2.191455364
2.182070494
2.180205107
2.177550554
2.177825928
2.176347733
2.161086798
2.163399696
2.157595396
2.149910212
2.151620626
2.165285826
2.15882349
2.155980587
2.143155336
2.143598557
2.156944752
2.155964851
2.132753611
2.120568275
2.114734888
2.105741501
2.112048388
2.108253479
2.105230331
2.100138187
2.10978961
2.121917248
2.1316607
2.134226084
2.135693073
2.13212204
2.127520323
2.110845804
2.114505529
2.119280577
2.125869036
2.137019873
2.148815155
2.155031443
2.146591663
2.150502205
2.15638423
2.171304703
2.186870337
2.181963682
2.188724279
2.195494175
2.198480606
2.202862263
2.204999447
2.214737415
2.212804556
2.216855764
2.216892958
2.212430716
2.213428736
2.218446016
2.229053974
2.22235918
2.21670723
2.209544897
2.212748528
2.219058275
2.220646143
2.208375216
2.209820747
2.218596935
2.221488237
2.208927393
2.186754942
2.169786453
2.170802593
2.176051855
2.173967123
2.16680479
2.169861078
2.176626444
2.178091049
2.185211658
2.187668085
2.186048985
2.178423643
2.198146343
2.208865643
2.198652744
2.199206591
2.209158182
2.215408564
2.202604055
2.222588778
2.231714249
2.215414524
2.199879169
2.207601786
2.216563463
2.209246874
2.189783335
2.2019732
2.190485954
2.177017212
2.171028614
2.175495863
2.184476852
2.189309597
2.189213037
2.193356276
2.199896336
2.209258795
2.212212563
2.209747314
2.202193499
2.204119444
2.220005989
2.230547905
2.240705967
2.246999741
2.250459671
2.257092953
2.266851187
2.276150942
2.270981312
2.26666069
2.270184517
2.265912294
2.258322001
2.259111404
2.265329599
2.269204855
2.265481949
2.271929264
2.284949064
2.287621975
2.284626484
2.292716026
2.301383495
2.316654205
2.313674688
2.305917501
2.303320646
2.306033134
2.297605038
2.291906118
2.291773319
2.297617674
2.286324263
2.2745471
2.276776791
2.279253483
2.280176401
2.276929379
2.264535666
2.265789509
2.279240847
2.280244827
2.269569874
2.27247858
2.28219986
2.287333012
2.300351381
2.312845945
2.330874205
2.340716124
2.361034632
2.37698102
2.384108543
2.41272831
2.425513506
2.421171427
2.412170649
2.38958025
2.385489941
2.364841223
2.356480122
2.352024078
2.347203255
2.346055269
2.351425409
2.352272511
2.332945108
2.3233459
2.327171564
2.341751575
2.3392241
2.342847109
2.357439041
2.363654137
2.366985083
2.362376213
2.349043131
2.35618782
2.353274822
2.350237846
2.358016253
2.369604588
2.374670982
2.38480854
2.381252289
2.368246317
2.339489222
2.333464861
2.331119537
2.329308748
2.335155249
2.344265461
2.353071451
2.369110823
2.366142273
2.357358456
2.356387138
2.358389854
2.355126858
2.369560719
2.379678249
2.390145779
2.389190435
2.388796329
2.390109777
2.394448757
2.387461424
2.390692234
2.386376143
2.383755684
2.388936043
2.387476683
2.397907495
2.403801203
2.427153826
2.43890667
2.4382689
2.445455551
2.448470831
2.451873064
2.45740366
2.444993496
2.439359426
2.43236208
2.427373409
2.418802261
2.417971373
2.41711092
2.411291361
2.418173552
2.419751167
2.417409658
2.405902147
2.402535439
2.401896477
2.403568745
2.392941952
2.387473822
2.389465332
2.394685268
2.406257868
2.407551289
2.410706043
2.409383774
2.401757956
2.400222778
2.405069113
2.396003485
2.399828434
2.395560026
2.374676943
2.367361546
2.363208532
2.369062424
2.382445335
2.390823364
2.392427206
2.407591105
2.403239012
2.4181602
2.426856756
2.423900127
2.428189039
2.428110361
2.430154562
2.427170277
2.419439793
2.420503616
2.425623894
2.431797981
2.431358099
2.437178612
2.422133684
2.415253878
2.417078733
2.424372673
2.427916765
2.426997423
2.426030397
2.42654705
2.434327841
2.433733463
2.433147907
2.439186573
2.45132637
2.459082365
2.460304976
2.460333109
2.458230972
2.462244987
2.467944384
2.471613884
2.464240313
2.476275682
2.488182783
2.497085571
2.509242535
2.503219604
2.508454323
2.515923023
2.50229001
2.484463692
2.4664433
2.457736492
2.466187
2.465735674
2.47181201
2.47394824
2.473808765
2.486670971